SE_STA_VVIS202 2018-02-27T14:40:01+01:00 59.05309 17.44708 -10.7 -9.3 63.2
SE_STA_VVIS203 2018-02-27T14:40:02+01:00 59.18449 17.64257 -10.1 -7.4 64.9
SE_STA_VVIS206 2018-02-27T14:40:00+01:00 59.19914 17.66321 -11.1 -9.9 63.0
SE_STA_VVIS207 2018-02-27T14:40:22+01:00 59.21241 17.76305 -11.1 -9.2 66.1
SE_STA_VVIS208 2018-02-27T14:40:02+01:00 59.17682 17.80694 -10.6 -7.2 67.3
SE_STA_VVIS209 2018-02-27T14:40:02+01:00 59.20954 17.91789 -10.0 -5.9 67.6
SE_STA_VVIS210 2018-02-27T14:40:02+01:00 59.09579 17.79342 -10.9 -6.5 72.9
SE_STA_VVIS214 2018-02-27T14:40:00+01:00 59.14063 18.39314 -9.5 -6.6 68.5
SE_STA_VVIS215 2018-02-27T14:40:00+01:00 59.23975 18.12069 -11.0 -7.6 85.1
SE_STA_VVIS216 2018-02-27T14:40:02+01:00 59.25783 18.16699 -10.9 -7.1 87.4
SE_STA_VVIS218 2018-02-27T14:40:02+01:00 59.32912 18.31434 -11.0 -6.1 82.5
SE_STA_VVIS219 2018-02-27T14:40:02+01:00 59.42854 18.22331 -11.2 -7.9 76.8
SE_STA_VVIS220 2018-02-27T14:40:02+01:00 59.49575 18.2216 -11.4 -7.9 75.5
SE_STA_VVIS221 2018-02-27T14:40:01+01:00 59.57504 18.64384 -11.6 -7.9 79.3
SE_STA_VVIS222 2018-02-27T14:40:00+01:00 59.38418 18.04217 -10.6 -6.5 68.8
SE_STA_VVIS223 2018-02-27T14:40:02+01:00 59.48931 18.16464 -11.8 -7.1 75.2
SE_STA_VVIS224 2018-02-27T14:40:00+01:00 59.65586 18.34001 -12.5 -8.5 69.3
SE_STA_VVIS226 2018-02-27T14:40:02+01:00 59.47623 17.91776 -11.5 -7.6 64.8
SE_STA_VVIS227 2018-02-27T14:40:00+01:00 59.64347 17.89318 -12.3 -8.7 63.7
SE_STA_VVIS229 2018-02-27T14:40:02+01:00 59.7475 18.04703 -12.5 -6.7 65.8
SE_STA_VVIS231 2018-02-27T14:40:00+01:00 59.62775 17.74556 -12.5 -11.7 62.9
SE_STA_VVIS232 2018-02-27T14:40:02+01:00 59.40577 17.86488 -11.1 -7.6 63.0
SE_STA_VVIS233 2018-02-27T14:40:02+01:00 59.48378 17.76467 -11.1 -9.2 63.2
SE_STA_VVIS234 2018-02-27T14:40:00+01:00 59.56085 17.57171 -11.7 -9.7 62.1
SE_STA_VVIS235 2018-02-27T14:40:03+01:00 59.28251 17.92474 -10.1 -6.1 61.9
SE_STA_VVIS236 2018-02-27T14:40:02+01:00 59.30311 18.02101 -11.4 -7.3 73.1
SE_STA_VVIS238 2018-02-27T14:40:02+01:00 59.89242 18.63284 -12.2 -8.2 68.0
SE_STA_VVIS239 2018-02-27T14:40:00+01:00 59.99017 18.81001 -12.0 -9.8 56.3
SE_STA_VVIS240 2018-02-27T14:40:00+01:00 59.30246 17.8541 -11.0 -7.6 64.5
SE_STA_VVIS241 2018-02-27T14:40:00+01:00 59.27791 17.75952 -10.0 -5.9 61.0
SE_STA_VVIS242 2018-02-27T14:40:00+01:00 59.3447 18.47917 -10.4 -8.4 80.2
SE_STA_VVIS243 2018-02-27T14:40:02+01:00 59.36897 18.01949 -10.3 -6.2 66.1
SE_STA_VVIS244 2018-02-27T14:40:00+01:00 59.08119 17.59593 -9.2 -4.9 60.7
SE_STA_VVIS245 2018-02-27T14:40:02+01:00 59.56332 18.23206 -11.5 -6.1 70.0
SE_STA_VVIS246 2018-02-27T14:40:00+01:00 59.19397 17.43899 -10.7 -5.6 60.0
SE_STA_VVIS247 2018-02-27T14:40:00+01:00 59.12993 18.14281 -10.6 -7.1 78.1
SE_STA_VVIS248 2018-02-27T14:40:00+01:00 58.93439 17.92341 -11.1 -7.2 84.7
SE_STA_VVIS249 2018-02-27T14:40:00+01:00 59.04424 18.00281 -10.0 -5.7 70.7
SE_STA_VVIS251 2018-02-27T14:40:02+01:00 59.35728 18.10452 -11.2 -7.6 73.3
SE_STA_VVIS257 2018-02-27T14:40:01+01:00 59.70304 18.48868 -12.3 -7.3 67.7
SE_STA_VVIS262 2018-02-27T14:40:00+01:00 59.40454 18.03718 -11.3 -6.8 67.3
SE_STA_VVIS301 2018-02-27T14:40:00+01:00 59.81708 17.48835 -11.4 -7.0 63.1
SE_STA_VVIS302 2018-02-27T14:40:00+01:00 59.87783 17.28478 -12.0 -8.1 63.3
SE_STA_VVIS303 2018-02-27T14:40:00+01:00 59.99556 17.56708 -11.8 -7.0 58.4
SE_STA_VVIS305 2018-02-27T14:40:25+01:00 60.42 17.41028 -11.9 -8.4 82.5
SE_STA_VVIS306 2018-02-27T14:40:00+01:00 60.05133 18.05401 -12.9 -7.6 66.8
SE_STA_VVIS307 2018-02-27T14:40:00+01:00 60.23651 18.29809 -11.3 -8.1 64.3
SE_STA_VVIS308 2018-02-27T14:40:02+01:00 59.88077 18.17547 -12.1 -6.8 75.7
SE_STA_VVIS309 2018-02-27T14:40:00+01:00 60.03806 18.49939 -12.0 -6.2 64.4
SE_STA_VVIS310 2018-02-27T14:40:01+01:00 60.60231 17.45246 -10.9 -8.0 71.1
SE_STA_VVIS311 2018-02-27T14:40:00+01:00 60.48601 17.73932 -11.4 -8.0 81.0
SE_STA_VVIS313 2018-02-27T14:40:00+01:00 59.81604 17.75481 -12.2 -5.3 63.7
SE_STA_VVIS316 2018-02-27T14:40:00+01:00 59.66156 17.26433 -11.3 -5.2 58.5
SE_STA_VVIS317 2018-02-27T14:40:02+01:00 59.6231 17.38197 -12.0 -11.2 62.7
SE_STA_VVIS319 2018-02-27T14:40:01+01:00 59.77427 16.89506 -10.6 -4.9 49.3
SE_STA_VVIS320 2018-02-27T14:40:00+01:00 60.1951 17.83399 -10.9 -5.1 75.9
SE_STA_VVIS321 2018-02-27T14:40:00+01:00 59.592 17.487 -12.0 -11.5 66.8
SE_STA_VVIS322 2018-02-27T14:40:02+01:00 59.76142 17.79653 -12.0 -8.9 79.3
SE_STA_VVIS323 2018-02-27T14:40:02+01:00 59.58535 16.9967 -11.4 -6.4 51.3
SE_STA_VVIS324 2018-02-27T14:40:00+01:00 60.47031 18.41232 -11.6 -3.6 69.5
SE_STA_VVIS325 2018-02-27T14:40:01+01:00 60.40188 17.87936 -11.4 -5.8 65.0
SE_STA_VVIS326 2018-02-27T14:40:00+01:00 59.94886 17.65585 -11.7 -6.1 61.4
SE_STA_VVIS327 2018-02-27T14:40:00+01:00 60.0495 17.62248 -11.6 -5.4 72.7
SE_STA_VVIS328 2018-02-27T14:40:00+01:00 60.21594 17.49552 -11.4 -6.2 70.6
SE_STA_VVIS329 2018-02-27T14:40:01+01:00 60.3244 17.5113 -11.2 -5.8 74.1
SE_STA_VVIS330 2018-02-27T14:40:00+01:00 59.63478 16.85857 -11.5 -6.3 51.3
SE_STA_VVIS402 2018-02-27T14:40:02+01:00 58.757 16.85321 -10.6 -7.8 74.6
SE_STA_VVIS403 2018-02-27T14:40:01+01:00 58.82193 17.14953 -10.6 -8.7 75.0
SE_STA_VVIS404 2018-02-27T14:40:01+01:00 59.00633 17.54098 -10.0 -8.1 66.8
SE_STA_VVIS405 2018-02-27T14:40:01+01:00 58.90813 17.32995 -10.9 -9.5 75.6
SE_STA_VVIS406 2018-02-27T14:40:00+01:00 58.83011 16.75371 -11.0 -8.9 67.3
SE_STA_VVIS409 2018-02-27T14:40:01+01:00 59.05559 17.22547 -11.4 -10.0 57.2
SE_STA_VVIS410 2018-02-27T14:40:02+01:00 59.08183 16.83477 -10.4 -5.8 50.9
SE_STA_VVIS411 2018-02-27T14:40:02+01:00 59.03736 16.55824 -10.4 -10.9 51.6
SE_STA_VVIS412 2018-02-27T14:40:00+01:00 58.90832 16.53657 -10.9 -6.9 57.7
SE_STA_VVIS413 2018-02-27T14:40:00+01:00 58.84256 16.1979 -10.3 -4.8 53.7
SE_STA_VVIS414 2018-02-27T14:40:00+01:00 59.06714 15.8682 -10.9 -7.9 47.8
SE_STA_VVIS417 2018-02-27T14:40:00+01:00 59.24124 16.60298 -11.8 -9.0 54.8
SE_STA_VVIS418 2018-02-27T14:40:00+01:00 59.40763 16.36997 -11.9 -6.4 52.4
SE_STA_VVIS420 2018-02-27T14:40:00+01:00 59.2047 16.82281 -11.1 -8.5 56.6
SE_STA_VVIS421 2018-02-27T14:40:00+01:00 59.24192 17.17721 -11.8 -6.0 57.6
SE_STA_VVIS422 2018-02-27T14:40:00+01:00 59.44858 17.01234 -11.5 -9.9 53.4
SE_STA_VVIS423 2018-02-27T14:40:00+01:00 59.36042 16.92098 -10.7 -5.4 55.4
SE_STA_VVIS424 2018-02-27T14:40:03+01:00 58.95015 16.85249 -10.3 -6.8 55.5
SE_STA_VVIS425 2018-02-27T14:41:10+01:00 58.74248 16.4726 -10.3 -6.1 58.4
SE_STA_VVIS426 2018-02-27T14:40:00+01:00 58.69027 17.04877 -10.8 -8.6 83.0
SE_STA_VVIS427 2018-02-27T14:40:00+01:00 59.05243 16.22173 -9.3 -6.6 46.3
SE_STA_VVIS428 2018-02-27T14:40:00+01:00 59.24436 16.1034 -10.8 -6.5 58.4
SE_STA_VVIS429 2018-02-27T14:40:00+01:00 59.37861 16.78689 -11.7 -5.1 55.2
SE_STA_VVIS499 2018-02-27T14:40:02+01:00 59.39187 16.67407 -11.7 -10.1 47.1
SE_STA_VVIS523 2018-02-27T14:40:02+01:00 58.6775 16.28365 -10.6 -7.8 63.4
SE_STA_VVIS524 2018-02-27T14:40:00+01:00 58.7163 16.16458 -10.7 -7.6 59.5
SE_STA_VVIS527 2018-02-27T14:40:01+01:00 58.43381 15.61916 -10.3 -5.2 76.9
SE_STA_VVIS528 2018-02-27T14:40:00+01:00 58.53153 16.03036 -10.6 -6.3 79.8
SE_STA_VVIS529 2018-02-27T14:40:00+01:00 58.43858 14.97681 -10.7 -6.8 65.5
SE_STA_VVIS530 2018-02-27T14:40:01+01:00 58.44547 16.367 -11.1 -7.6 85.8
SE_STA_VVIS531 2018-02-27T14:40:01+01:00 58.14135 16.53454 -9.5 -5.3 86.8
SE_STA_VVIS533 2018-02-27T14:30:00+01:00 57.79901 15.16161 -10.7 -6.6 81.7
SE_STA_VVIS534 2018-02-27T14:40:00+01:00 58.24688 15.08242 -10.3 -4.9 74.9
SE_STA_VVIS535 2018-02-27T14:40:01+01:00 57.91149 15.69267 -10.4 -6.8 85.9
SE_STA_VVIS536 2018-02-27T14:40:00+01:00 58.23924 15.61915 -10.6 -6.2 85.1
SE_STA_VVIS537 2018-02-27T14:40:03+01:00 58.30112 14.94864 -9.6 -3.6 65.9
SE_STA_VVIS539 2018-02-27T14:40:01+01:00 58.37349 15.81174 -10.9 -6.7 83.3
SE_STA_VVIS540 2018-02-27T14:40:02+01:00 58.76549 15.51884 -10.5 -8.5 51.4
SE_STA_VVIS541 2018-02-27T14:40:02+01:00 58.16256 16.06282 -10.8 -6.8 84.9
SE_STA_VVIS542 2018-02-27T14:40:01+01:00 58.57538 16.51284 -10.7 -8.3 83.7
SE_STA_VVIS543 2018-02-27T14:40:00+01:00 58.69464 15.91225 -9.5 -6.4 53.2
SE_STA_VVIS544 2018-02-27T14:40:01+01:00 58.23124 14.6919 -10.3 -4.7 69.4
SE_STA_VVIS546 2018-02-27T14:40:00+01:00 58.3773 15.33293 -10.6 -5.2 74.9
SE_STA_VVIS547 2018-02-27T14:40:00+01:00 58.57356 14.98876 -9.9 -3.3 55.6
SE_STA_VVIS548 2018-02-27T14:40:00+01:00 58.49098 15.35782 -10.0 -5.4 61.1
SE_STA_VVIS549 2018-02-27T14:40:00+01:00 58.31752 16.47914 -10.4 -6.5 82.5
SE_STA_VVIS550 2018-02-27T14:40:01+01:00 58.49195 16.8975 -10.3 -5.6 88.7
SE_STA_VVIS552 2018-02-27T14:40:00+01:00 58.66653 16.0138 -9.8 -5.8 58.6
SE_STA_VVIS553 2018-02-27T14:40:02+01:00 58.57301 15.28283 -10.0 -6.7 55.0
SE_STA_VVIS554 2018-02-27T14:40:02+01:00 58.46854 15.04975 -9.9 -3.4 57.6
SE_STA_VVIS601 2018-02-27T14:40:00+01:00 57.99487 14.44187 -10.1 -4.0 67.9
SE_STA_VVIS602 2018-02-27T14:40:01+01:00 57.94629 14.34144 -9.5 -3.7 65.4
SE_STA_VVIS604 2018-02-27T14:40:00+01:00 57.38834 14.78544 -10.0 -5.6 72.9
SE_STA_VVIS605 2018-02-27T14:40:02+01:00 57.68889 14.15968 -9.8 -3.3 65.8
SE_STA_VVIS607 2018-02-27T14:40:01+01:00 57.53963 14.2672 -9.5 -4.9 62.1
SE_STA_VVIS611 2018-02-27T14:40:00+01:00 57.75673 14.25502 -9.7 -2.3 63.0
SE_STA_VVIS614 2018-02-27T14:40:01+01:00 57.75761 13.9986 -10.1 -6.3 65.7
SE_STA_VVIS616 2018-02-27T14:40:00+01:00 57.67226 13.84107 -9.5 -4.7 62.6
SE_STA_VVIS617 2018-02-27T14:40:02+01:00 57.82994 14.10012 -9.5 -6.7 63.9
SE_STA_VVIS618 2018-02-27T14:40:00+01:00 58.06881 14.52884 -11.2 -4.9 73.3
SE_STA_VVIS627 2018-02-27T14:40:02+01:00 57.33464 13.79287 -9.3 -1.5 68.3
SE_STA_VVIS629 2018-02-27T14:40:00+01:00 57.21669 13.69968 -8.7 -4.5 64.4
SE_STA_VVIS630 2018-02-27T14:40:00+01:00 57.16826 13.77632 -8.4 -4.9 60.2
SE_STA_VVIS631 2018-02-27T14:40:01+01:00 57.18452 13.97447 -8.4 -0.9 65.7
SE_STA_VVIS632 2018-02-27T14:40:00+01:00 57.07862 14.06285 -7.9 -2.8 74.3
SE_STA_VVIS633 2018-02-27T14:40:02+01:00 57.23601 14.07753 -8.9 -2.8 74.4
SE_STA_VVIS634 2018-02-27T14:40:00+01:00 57.00198 14.2728 -9.0 -3.2 63.2
SE_STA_VVIS635 2018-02-27T14:40:00+01:00 57.32535 14.33632 -9.3 -3.7 72.3
SE_STA_VVIS636 2018-02-27T14:40:02+01:00 57.21362 14.51544 -10.3 -4.7 85.4
SE_STA_VVIS638 2018-02-27T14:40:02+01:00 57.83766 14.86345 -10.9 -4.4 76.1
SE_STA_VVIS639 2018-02-27T14:40:01+01:00 57.46359 14.75419 -10.3 -5.8 86.1
SE_STA_VVIS640 2018-02-27T14:40:00+01:00 58.01207 14.65298 -11.2 -6.2 79.0
SE_STA_VVIS641 2018-02-27T14:40:00+01:00 57.65384 14.73248 -11.0 -6.0 81.1
SE_STA_VVIS642 2018-02-27T14:40:02+01:00 57.64396 15.0646 -10.8 -6.2 88.2
SE_STA_VVIS643 2018-02-27T14:40:00+01:00 57.50774 15.00219 -10.3 -6.2 79.1
SE_STA_VVIS644 2018-02-27T14:40:02+01:00 57.28586 15.13153 -9.7 -6.0 72.6
SE_STA_VVIS645 2018-02-27T14:40:02+01:00 57.67531 14.52068 -11.2 -7.1 75.9
SE_STA_VVIS646 2018-02-27T14:40:00+01:00 57.45615 14.09831 -9.2 -3.5 67.1
SE_STA_VVIS647 2018-02-27T14:40:00+01:00 57.4794 13.66288 -9.3 -6.2 65.0
SE_STA_VVIS648 2018-02-27T14:40:00+01:00 57.79043 14.26384 -8.6 -3.4 62.9
SE_STA_VVIS649 2018-02-27T14:40:00+01:00 58.03268 14.95137 -11.0 -5.6 79.2
SE_STA_VVIS650 2018-02-27T14:40:02+01:00 57.53552 15.25877 -10.1 -4.2 82.0
SE_STA_VVIS651 2018-02-27T14:40:01+01:00 57.75806 14.10665 -8.7 -3.8 67.5
SE_STA_VVIS652 2018-02-27T14:40:00+01:00 57.25981 13.47904 -8.5 -2.3 62.3
SE_STA_VVIS653 2018-02-27T14:40:01+01:00 57.75082 14.11598 -9.0 -4.2 63.8
SE_STA_VVIS656 2018-02-27T14:40:02+01:00 57.8738 13.93363 -10.7 -5.8 72.4
SE_STA_VVIS702 2018-02-27T14:40:02+01:00 56.75613 13.71442 -8.0 -2.6 74.2
SE_STA_VVIS703 2018-02-27T14:40:01+01:00 56.94049 13.99592 -8.5 -3.4 78.8
SE_STA_VVIS704 2018-02-27T14:40:01+01:00 56.87236 14.16353 -8.0 -4.5 53.6
SE_STA_VVIS705 2018-02-27T14:40:02+01:00 56.55117 14.05715 -7.9 -3.8 51.0
SE_STA_VVIS706 2018-02-27T14:40:00+01:00 56.51786 14.55 -8.4 -4.2 76.2
SE_STA_VVIS707 2018-02-27T14:40:00+01:00 56.71189 14.43489 -7.4 -2.8 56.2
SE_STA_VVIS708 2018-02-27T14:40:00+01:00 56.82575 14.6915 -8.2 -3.1 66.9
SE_STA_VVIS709 2018-02-27T14:40:00+01:00 56.89819 14.71359 -9.4 -3.6 75.4
SE_STA_VVIS710 2018-02-27T14:40:00+01:00 57.09454 14.63952 -8.1 -2.7 64.9
SE_STA_VVIS712 2018-02-27T14:40:03+01:00 56.81089 14.88291 -8.5 -4.1 66.3
SE_STA_VVIS714 2018-02-27T14:40:00+01:00 56.95685 14.94063 -9.5 -3.5 80.6
SE_STA_VVIS715 2018-02-27T14:40:00+01:00 57.12041 15.24493 -9.3 -5.5 66.9
SE_STA_VVIS716 2018-02-27T14:40:02+01:00 56.61568 13.76187 -7.0 -1.9 41.7
SE_STA_VVIS717 2018-02-27T14:40:02+01:00 56.54836 14.95521 -8.1 -2.2 71.8
SE_STA_VVIS718 2018-02-27T14:40:02+01:00 56.79009 15.13832 -7.8 -0.6 64.4
SE_STA_VVIS719 2018-02-27T14:40:00+01:00 56.55273 15.2665 -9.6 -3.6 88.5
SE_STA_VVIS720 2018-02-27T14:40:00+01:00 56.92234 14.54679 -8.1 -3.7 70.3
SE_STA_VVIS721 2018-02-27T14:40:03+01:00 56.38469 14.90231 -7.4 -1.9 52.3
SE_STA_VVIS722 2018-02-27T14:40:25+01:00 56.50588 13.65292 -7.3 -3.7 54.0
SE_STA_VVIS723 2018-02-27T14:40:00+01:00 57.00406 15.27143 -10.4 -5.0 84.4
SE_STA_VVIS802 2018-02-27T14:40:00+01:00 56.56934 16.61845 -8.2 -2.1 72.7
SE_STA_VVIS803 2018-02-27T14:40:00+01:00 56.68037 16.38764 -8.0 -6.5 67.9
SE_STA_VVIS804 2018-02-27T14:40:01+01:00 56.76099 16.55955 -9.6 -6.0 87.7
SE_STA_VVIS805 2018-02-27T14:40:00+01:00 57.33879 17.01563 -8.6 -6.1 81.1
SE_STA_VVIS807 2018-02-27T14:40:01+01:00 56.53351 16.08404 -7.2 -1.2 74.4
SE_STA_VVIS808 2018-02-27T14:40:03+01:00 56.63534 16.21089 -8.3 -5.1 67.0
SE_STA_VVIS809 2018-02-27T14:40:00+01:00 56.50227 15.60342 -8.0 -3.5 65.9
SE_STA_VVIS811 2018-02-27T14:40:02+01:00 56.68528 16.1503 -8.1 -2.0 66.2
SE_STA_VVIS812 2018-02-27T14:40:00+01:00 56.73685 15.51947 -9.3 -5.8 73.6
SE_STA_VVIS813 2018-02-27T14:40:00+01:00 56.90711 15.54628 -9.5 -6.1 73.3
SE_STA_VVIS814 2018-02-27T14:40:00+01:00 56.78162 16.33962 -8.2 -6.3 67.5
SE_STA_VVIS815 2018-02-27T14:40:00+01:00 56.92822 15.92949 -8.9 -5.7 72.2
SE_STA_VVIS816 2018-02-27T14:40:02+01:00 57.12616 16.48419 -7.9 -4.0 67.3
SE_STA_VVIS817 2018-02-27T14:40:01+01:00 57.04219 16.24544 -8.5 -3.8 72.2
SE_STA_VVIS818 2018-02-27T14:40:00+01:00 57.14976 15.6076 -9.3 -7.4 70.2
SE_STA_VVIS819 2018-02-27T14:40:00+01:00 57.29442 15.56741 -9.9 -7.4 74.1
SE_STA_VVIS821 2018-02-27T14:40:03+01:00 57.2621 16.08126 -8.9 -7.7 57.3
SE_STA_VVIS822 2018-02-27T14:40:01+01:00 57.29337 16.45866 -8.5 -4.8 56.0
SE_STA_VVIS823 2018-02-27T14:40:00+01:00 57.60981 16.47329 -8.7 -6.0 74.6
SE_STA_VVIS825 2018-02-27T14:40:00+01:00 57.40993 15.81077 -9.8 -6.5 87.9
SE_STA_VVIS826 2018-02-27T14:40:02+01:00 57.63529 15.62517 -9.4 -6.9 81.9
SE_STA_VVIS828 2018-02-27T14:40:00+01:00 58.05518 16.20316 -9.8 -6.7 88.0
SE_STA_VVIS829 2018-02-27T14:40:00+01:00 58.00809 16.49522 -8.1 -6.4 69.8
SE_STA_VVIS832 2018-02-27T14:40:00+01:00 56.66694 16.4609 -8.4 -7.2 89.1
SE_STA_VVIS833 2018-02-27T14:40:02+01:00 56.72642 15.91574 -8.8 -6.0 74.0
SE_STA_VVIS834 2018-02-27T14:40:02+01:00 57.67281 15.83663 -9.6 -6.4 82.2
SE_STA_VVIS835 2018-02-27T14:40:03+01:00 57.40872 15.57718 -9.3 -5.8 78.8
SE_STA_VVIS836 2018-02-27T14:40:02+01:00 57.80554 16.50228 -8.5 -3.7 76.6
SE_STA_VVIS837 2018-02-27T14:40:02+01:00 56.88985 16.73219 -9.1 -6.8 87.1
SE_STA_VVIS838 2018-02-27T14:40:00+01:00 56.32067 16.40663 -8.9 -2.6 86.9
SE_STA_VVIS839 2018-02-27T14:40:01+01:00 57.69678 16.28231 -9.6 -6.7 98.8
SE_STA_VVIS840 2018-02-27T14:40:02+01:00 57.90734 16.7141 -8.7 -6.8 75.9
SE_STA_VVIS901 2018-02-27T14:40:02+01:00 57.83326 18.78851 -9.2 -3.1 75.7
SE_STA_VVIS902 2018-02-27T14:40:00+01:00 57.59672 18.35299 -9.7 -6.6 87.1
SE_STA_VVIS903 2018-02-27T14:40:00+01:00 57.54361 18.42533 -10.0 -4.6 84.7
SE_STA_VVIS904 2018-02-27T14:40:00+01:00 57.42832 18.82068 -9.8 -6.5 85.7
SE_STA_VVIS905 2018-02-27T14:40:01+01:00 57.1313 18.28018 -9.0 -6.6 72.6
SE_STA_VVIS906 2018-02-27T14:40:00+01:00 57.33203 18.37961 -9.6 -3.8 76.8
SE_STA_VVIS907 2018-02-27T14:40:00+01:00 57.63391 18.53907 -10.0 -6.2 87.8
SE_STA_VVIS908 2018-02-27T14:40:00+01:00 57.40221 18.18411 -9.1 -5.9 77.6
SE_STA_VVIS909 2018-02-27T14:40:00+01:00 57.83315 18.91666 -9.7 -6.9 69.3
SE_STA_VVIS910 2018-02-27T14:40:00+01:00 57.6232 18.27456 -10.2 -6.5 88.2
SE_STA_VVIS911 2018-02-27T14:40:00+01:00 57.76059 18.46694 -10.9 -4.2 88.5
SE_STA_VVIS912 2018-02-27T14:40:00+01:00 57.58908 18.74632 -9.3 -5.9 87.8
SE_STA_VVIS913 2018-02-27T14:40:01+01:00 57.32703 18.61609 -9.3 -3.5 80.3
SE_STA_VVIS914 2018-02-27T14:40:03+01:00 57.9576 19.23702 -10.0 -4.0 59.4
SE_STA_VVIS1001 2018-02-27T14:40:02+01:00 56.23632 15.9226 -7.4 -4.0 68.0
SE_STA_VVIS1004 2018-02-27T14:40:02+01:00 56.21322 15.58154 -6.6 -2.7 57.9
SE_STA_VVIS1005 2018-02-27T14:40:02+01:00 56.22174 15.21276 -7.1 -4.3 61.1
SE_STA_VVIS1007 2018-02-27T14:40:00+01:00 56.40542 15.07655 -8.6 -5.9 63.6
SE_STA_VVIS1012 2018-02-27T14:40:00+01:00 56.25817 14.52861 -6.1 -2.4 46.5
SE_STA_VVIS1017 2018-02-27T14:40:00+01:00 56.39045 14.39957 -6.4 -2.0 43.6
SE_STA_VVIS1018 2018-02-27T14:40:02+01:00 56.0649 14.55166 -6.2 -4.3 49.5
SE_STA_VVIS1019 2018-02-27T14:40:01+01:00 56.188 14.90454 -6.7 -2.4 50.7
SE_STA_VVIS1020 2018-02-27T14:40:00+01:00 56.3239 15.17379 -6.7 -3.1 54.2
SE_STA_VVIS1021 2018-02-27T14:40:02+01:00 56.30458 15.58134 -7.9 -3.7 73.8
SE_STA_VVIS1022 2018-02-27T14:40:00+01:00 56.43347 15.37228 -7.6 -4.1 62.3
SE_STA_VVIS1023 2018-02-27T14:40:01+01:00 56.17752 14.73225 -5.9 -0.5 42.0
SE_STA_VVIS1024 2018-02-27T14:40:00+01:00 56.13773 15.74349 -7.0 -5.1 65.1
SE_STA_VVIS1026 2018-02-27T14:40:02+01:00 56.21667 15.11245 -6.7 -4.9 58.9
SE_STA_VVIS1102 2018-02-27T14:40:00+01:00 56.13065 13.32113 -6.0 -3.2 47.5
SE_STA_VVIS1103 2018-02-27T14:40:36+01:00 56.40404 12.94361 -6.7 -0.9 61.7
SE_STA_VVIS1104 2018-02-27T14:40:00+01:00 56.43984 12.95447 -5.9 -0.7 48.9
SE_STA_VVIS1106 2018-02-27T14:40:00+01:00 56.18139 13.02332 -4.8 0.7 50.8
SE_STA_VVIS1109 2018-02-27T14:40:00+01:00 56.21601 13.5796 -6.9 -1.1 50.9
SE_STA_VVIS1110 2018-02-27T14:40:00+01:00 56.14134 13.46276 -5.3 -1.5 49.9
SE_STA_VVIS1111 2018-02-27T14:40:00+01:00 56.02391 14.10272 -5.0 -1.6 43.4
SE_STA_VVIS1112 2018-02-27T14:40:00+01:00 56.31465 13.68795 -7.4 -2.0 50.4
SE_STA_VVIS1113 2018-02-27T14:40:02+01:00 56.08569 13.76367 -6.7 -1.6 48.4
SE_STA_VVIS1114 2018-02-27T14:40:00+01:00 56.25931 13.9401 -6.0 -0.4 49.3
SE_STA_VVIS1115 2018-02-27T14:40:02+01:00 56.49998 14.12242 -8.2 -3.3 65.0
SE_STA_VVIS1116 2018-02-27T14:40:02+01:00 56.12341 14.09294 -6.0 -1.3 52.8
SE_STA_VVIS1117 2018-02-27T14:40:00+01:00 55.72301 14.09334 -7.1 -4.2 83.9
SE_STA_VVIS1119 2018-02-27T14:40:00+01:00 55.94253 13.90177 -6.2 -1.5 46.0
SE_STA_VVIS1120 2018-02-27T14:40:00+01:00 56.03658 14.37938 -6.3 -4.6 47.0
SE_STA_VVIS1121 2018-02-27T14:40:00+01:00 55.63865 14.22989 -6.5 -4.1 86.8
SE_STA_VVIS1122 2018-02-27T14:40:00+01:00 55.49528 14.1204 -6.8 -3.0 92.2
SE_STA_VVIS1123 2018-02-27T14:40:00+01:00 56.2285 13.14991 -6.5 -1.0 47.5
SE_STA_VVIS1124 2018-02-27T14:40:01+01:00 56.43403 12.72688 -6.7 -0.2 51.0
SE_STA_VVIS1125 2018-02-27T14:40:02+01:00 56.38603 13.51017 -6.3 -1.0 43.0
SE_STA_VVIS1126 2018-02-27T14:40:02+01:00 56.3682 14.24951 -6.6 -1.7 43.2
SE_STA_VVIS1127 2018-02-27T14:40:01+01:00 55.91336 14.26997 -5.9 -1.6 60.2
SE_STA_VVIS1128 2018-02-27T14:40:01+01:00 56.18256 12.8929 -5.3 -2.7 49.9
SE_STA_VVIS1129 2018-02-27T14:40:00+01:00 56.18193 14.32622 -6.7 -1.6 55.4
SE_STA_VVIS1130 2018-02-27T14:40:02+01:00 55.4482 14.25629 -5.3 -2.4 88.8
SE_STA_VVIS1202 2018-02-27T14:40:00+01:00 55.33899 13.35587 -6.3 -1.6 99.0
SE_STA_VVIS1203 2018-02-27T14:40:00+01:00 55.55882 13.08478 -5.4 -0.5 66.2
SE_STA_VVIS1204 2018-02-27T14:40:02+01:00 55.50838 13.32588 -6.1 -2.8 84.8
SE_STA_VVIS1206 2018-02-27T14:40:02+01:00 55.47411 13.66833 -6.7 -2.5 98.7
SE_STA_VVIS1207 2018-02-27T14:40:00+01:00 55.56068 13.91445 -7.1 -3.6 89.3
SE_STA_VVIS1208 2018-02-27T14:40:02+01:00 55.6558 13.41001 -7.3 -1.2 85.5
SE_STA_VVIS1209 2018-02-27T14:40:02+01:00 55.71838 13.22411 -6.2 -0.5 67.4
SE_STA_VVIS1210 2018-02-27T14:40:00+01:00 55.64145 13.1068 -5.5 0.4 62.0
SE_STA_VVIS1211 2018-02-27T14:40:00+01:00 55.74928 13.01539 -4.3 -0.2 50.8
SE_STA_VVIS1212 2018-02-27T14:40:00+01:00 55.79125 13.1312 -4.6 1.5 49.5
SE_STA_VVIS1213 2018-02-27T14:40:02+01:00 55.76804 13.30548 -5.2 -1.3 55.0
SE_STA_VVIS1214 2018-02-27T14:40:00+01:00 55.90063 13.72881 -6.8 -1.2 50.3
SE_STA_VVIS1215 2018-02-27T14:40:00+01:00 55.85659 13.64197 -5.4 0.5 49.9
SE_STA_VVIS1216 2018-02-27T14:40:03+01:00 55.98528 13.60865 -6.0 -2.4 46.9
SE_STA_VVIS1217 2018-02-27T14:40:01+01:00 55.996 13.28261 -6.4 -0.8 59.2
SE_STA_VVIS1218 2018-02-27T14:40:00+01:00 56.00042 12.94957 -6.0 -1.5 52.2
SE_STA_VVIS1219 2018-02-27T14:40:00+01:00 55.8577 12.8885 -3.2 2.0 41.5
SE_STA_VVIS1220 2018-02-27T14:40:01+01:00 55.93611 12.82086 -5.9 -0.6 55.4
SE_STA_VVIS1222 2018-02-27T14:40:01+01:00 56.08728 12.7828 -5.6 -0.4 50.6
SE_STA_VVIS1224 2018-02-27T14:40:00+01:00 56.18595 12.56219 -4.6 -1.4 45.8
SE_STA_VVIS1225 2018-02-27T14:40:00+01:00 55.77951 13.67525 -7.1 -2.6 75.5
SE_STA_VVIS1226 2018-02-27T14:40:01+01:00 55.58461 13.49998 -8.1 -2.2 91.1
SE_STA_VVIS1227 2018-02-27T14:40:00+01:00 55.56532 12.89472 -4.3 3.0 46.0
SE_STA_VVIS1228 2018-02-27T14:40:00+01:00 55.57333 12.8351 -5.1 -1.2 57.0
SE_STA_VVIS1229 2018-02-27T14:40:00+01:00 55.59232 12.76884 3.6 3.7 85.0
SE_STA_VVIS1230 2018-02-27T14:40:00+01:00 55.57718 12.81893 -5.3 0.5 59.0
SE_STA_VVIS1231 2018-02-27T14:40:00+01:00 55.63332 12.66962 -3.8 0.9 60.0
SE_STA_VVIS1232 2018-02-27T14:40:00+01:00 55.90059 13.33078 -6.2 -0.8 50.7
SE_STA_VVIS1233 2018-02-27T14:40:00+01:00 55.92922 13.10843 -5.3 -0.5 55.2
SE_STA_VVIS1234 2018-02-27T14:40:00+01:00 55.45452 13.00698 -5.2 0.7 65.3
SE_STA_VVIS1235 2018-02-27T14:40:00+01:00 55.61339 13.77291 -6.8 -2.1 87.4
SE_STA_VVIS1236 2018-02-27T14:40:00+01:00 55.38308 13.08505 -4.7 1.9 68.2
SE_STA_VVIS1302 2018-02-27T14:40:00+01:00 57.55027 11.96764 -8.1 -2.1 61.2
SE_STA_VVIS1305 2018-02-27T14:40:00+01:00 57.28673 12.21575 -7.2 -0.2 56.1
SE_STA_VVIS1306 2018-02-27T14:40:00+01:00 57.24238 12.32139 -7.0 -0.5 58.1
SE_STA_VVIS1307 2018-02-27T14:40:01+01:00 57.07145 12.28909 -6.3 2.7 52.6
SE_STA_VVIS1308 2018-02-27T14:40:00+01:00 57.15219 12.59034 -7.9 -5.3 57.0
SE_STA_VVIS1311 2018-02-27T14:40:01+01:00 56.95073 12.79319 -7.3 -6.3 53.9
SE_STA_VVIS1314 2018-02-27T14:40:00+01:00 56.72431 12.70204 -5.6 -1.2 45.5
SE_STA_VVIS1315 2018-02-27T14:40:00+01:00 57.09674 13.37192 -8.5 -3.7 58.8
SE_STA_VVIS1316 2018-02-27T14:40:01+01:00 56.91426 13.06146 -6.5 -0.9 45.6
SE_STA_VVIS1317 2018-02-27T14:40:00+01:00 56.77581 12.95218 -6.2 -0.2 46.0
SE_STA_VVIS1318 2018-02-27T14:40:00+01:00 56.72413 12.8827 -4.4 1.8 44.1
SE_STA_VVIS1320 2018-02-27T14:40:00+01:00 56.52395 12.96594 -4.6 3.5 38.1
SE_STA_VVIS1321 2018-02-27T14:40:31+01:00 56.49699 13.37927 -6.8 -4.6 44.8
SE_STA_VVIS1322 2018-02-27T14:40:00+01:00 56.38997 13.15086 -6.6 -2.9 62.9
SE_STA_VVIS1327 2018-02-27T14:40:01+01:00 57.02898 12.38516 -6.5 1.0 51.7
SE_STA_VVIS1328 2018-02-27T14:40:02+01:00 57.45997 12.08141 -7.3 -1.5 57.5
SE_STA_VVIS1329 2018-02-27T14:40:00+01:00 56.90602 12.57369 -6.1 0.9 52.6
SE_STA_VVIS1330 2018-02-27T14:40:02+01:00 57.00128 13.44591 -8.2 -1.5 61.2
SE_STA_VVIS1331 2018-02-27T14:40:00+01:00 56.72052 13.32582 -8.5 -3.0 74.5
SE_STA_VVIS1332 2018-02-27T14:40:01+01:00 57.11992 12.93927 -7.7 -4.7 58.6
SE_STA_VVIS1333 2018-02-27T14:40:00+01:00 57.06842 12.65414 -6.8 -0.3 54.6
SE_STA_VVIS1334 2018-02-27T14:40:02+01:00 56.71944 13.14574 -7.3 -6.3 60.9
SE_STA_VVIS1335 2018-02-27T14:40:01+01:00 56.86254 12.6628 -4.9 3.2 50.9
SE_STA_VVIS1336 2018-02-27T14:40:29+01:00 56.7789 12.80505 -6.4 1.3 47.2
SE_STA_VVIS1337 2018-02-27T14:40:02+01:00 56.58995 12.98461 -5.7 -1.5 53.3
SE_STA_VVIS1338 2018-02-27T14:40:00+01:00 57.40679 11.9816 -6.9 -0.7 57.0
SE_STA_VVIS1339 2018-02-27T14:40:02+01:00 57.38684 12.19055 -7.3 -1.8 55.0
SE_STA_VVIS1340 2018-02-27T14:40:00+01:00 57.20083 12.24924 -5.9 0.1 52.6
SE_STA_VVIS1341 2018-02-27T14:40:00+01:00 57.27538 12.87795 -7.8 -1.1 55.2
SE_STA_VVIS1342 2018-02-27T14:40:02+01:00 56.64018 12.90387 -5.4 1.0 49.0
SE_STA_VVIS1401 2018-02-27T14:40:00+01:00 57.55173 12.05319 -8.1 -1.2 56.7
SE_STA_VVIS1402 2018-02-27T14:30:00+01:00 57.86557 11.97252 -8.2 -2.4 51.1
SE_STA_VVIS1403 2018-02-27T14:40:02+01:00 57.97912 11.84116 -8.4 -1.1 52.9
SE_STA_VVIS1404 2018-02-27T14:30:00+01:00 58.15276 11.97528 -9.8 -5.4 65.3
SE_STA_VVIS1406 2018-02-27T14:40:00+01:00 58.19118 11.68938 -8.4 -8.2 53.0
SE_STA_VVIS1407 2018-02-27T14:40:02+01:00 58.05932 11.78081 -8.6 -9.3 48.7
SE_STA_VVIS1409 2018-02-27T14:30:00+01:00 58.46954 11.66893 -8.7 -7.6 63.6
SE_STA_VVIS1410 2018-02-27T14:40:00+01:00 58.66076 11.41775 -9.2 -5.1 55.9
SE_STA_VVIS1414 2018-02-27T14:40:00+01:00 57.67403 12.06929 -7.6 -2.5 58.6
SE_STA_VVIS1417 2018-02-27T14:40:00+01:00 57.79275 11.8925 -8.4 -3.7 58.1
SE_STA_VVIS1418 2018-02-27T14:40:01+01:00 57.6967 12.39143 -8.2 -3.9 64.2
SE_STA_VVIS1419 2018-02-27T14:40:00+01:00 57.64441 11.86355 -8.1 -1.4 53.7
SE_STA_VVIS1421 2018-02-27T14:40:01+01:00 57.79976 12.00014 -8.1 -5.7 57.6
SE_STA_VVIS1422 2018-02-27T14:40:01+01:00 58.41295 11.27978 -8.9 -6.3 65.7
SE_STA_VVIS1423 2018-02-27T14:40:02+01:00 57.74361 12.15347 -8.7 -3.2 55.8
SE_STA_VVIS1424 2018-02-27T14:40:00+01:00 58.31188 11.482 -8.1 -4.9 68.3
SE_STA_VVIS1425 2018-02-27T14:30:02+01:00 58.11465 11.87918 -7.9 -2.1 51.0
SE_STA_VVIS1426 2018-02-27T14:40:00+01:00 58.15971 11.49832 -8.1 -4.9 53.3
SE_STA_VVIS1427 2018-02-27T14:40:01+01:00 58.01464 11.68117 -8.3 -2.2 50.0
SE_STA_VVIS1428 2018-02-27T14:40:00+01:00 58.80433 11.59825 -9.5 -2.7 54.5
SE_STA_VVIS1429 2018-02-27T14:30:00+01:00 58.27889 11.88381 -8.8 -7.6 55.0
SE_STA_VVIS1430 2018-02-27T14:40:01+01:00 57.67115 12.37002 -9.2 -3.2 67.9
SE_STA_VVIS1431 2018-02-27T14:30:00+01:00 58.32776 11.83942 -8.4 -5.5 57.9
SE_STA_VVIS1432 2018-02-27T14:40:01+01:00 58.29175 11.56408 -8.3 -5.9 62.0
SE_STA_VVIS1433 2018-02-27T14:40:00+01:00 57.65089 12.02074 -7.9 -3.1 55.3
SE_STA_VVIS1435 2018-02-27T14:40:00+01:00 57.78127 11.86135 -8.1 -1.6 55.5
SE_STA_VVIS1436 2018-02-27T14:30:02+01:00 59.02021 11.23924 -7.2 -3.9 51.3
SE_STA_VVIS1437 2018-02-27T14:40:00+01:00 58.56468 11.47655 -8.7 -2.7 60.8
SE_STA_VVIS1438 2018-02-27T14:40:02+01:00 58.33091 12.07673 -9.3 -7.1 55.7
SE_STA_VVIS1439 2018-02-27T14:40:02+01:00 59.09293 11.25224 -8.5 -5.6 41.0
SE_STA_VVIS1440 2018-02-27T14:40:02+01:00 57.69789 11.92692 -7.3 -1.8 52.4
SE_STA_VVIS1441 2018-02-27T14:30:00+01:00 58.87558 11.27545 -7.8 -2.1 50.1
SE_STA_VVIS1501 2018-02-27T14:40:29+01:00 57.3879 13.47171 -9.6 -3.8 72.3
SE_STA_VVIS1502 2018-02-27T14:40:01+01:00 57.60843 13.14092 -9.0 -4.8 63.9
SE_STA_VVIS1503 2018-02-27T14:40:00+01:00 57.508 12.5927 -8.5 -4.5 64.1
SE_STA_VVIS1504 2018-02-27T14:40:28+01:00 57.58529 12.47044 -8.1 -3.3 62.0
SE_STA_VVIS1506 2018-02-27T14:40:00+01:00 57.66438 12.54189 -9.2 -5.6 64.2
SE_STA_VVIS1507 2018-02-27T14:40:00+01:00 57.67737 12.69695 -9.5 -4.2 70.5
SE_STA_VVIS1508 2018-02-27T14:40:00+01:00 57.7124 12.88517 -9.2 -5.8 66.6
SE_STA_VVIS1509 2018-02-27T14:40:01+01:00 57.7572 12.84711 -10.8 -6.5 78.1
SE_STA_VVIS1511 2018-02-27T14:40:00+01:00 57.81322 13.29091 -10.2 -5.3 77.1
SE_STA_VVIS1512 2018-02-27T14:40:00+01:00 57.80127 13.5051 -11.5 -8.0 76.9
SE_STA_VVIS1513 2018-02-27T14:40:00+01:00 57.77622 13.67676 -11.4 -7.4 71.3
SE_STA_VVIS1514 2018-02-27T14:40:01+01:00 57.74194 12.19414 -8.3 -2.3 57.2
SE_STA_VVIS1515 2018-02-27T14:40:01+01:00 57.88641 12.32833 -8.6 -2.8 67.7
SE_STA_VVIS1516 2018-02-27T14:40:00+01:00 57.83966 12.45076 -9.0 -6.5 66.8
SE_STA_VVIS1517 2018-02-27T14:40:00+01:00 57.99234 12.70467 -10.0 -4.9 69.3
SE_STA_VVIS1518 2018-02-27T14:40:00+01:00 58.0281 12.78505 -9.0 -1.6 65.8
SE_STA_VVIS1520 2018-02-27T14:30:00+01:00 57.82451 12.01365 -7.8 -4.3 54.1
SE_STA_VVIS1522 2018-02-27T14:40:00+01:00 57.97485 12.15489 -8.9 -1.0 57.9
SE_STA_VVIS1523 2018-02-27T14:40:02+01:00 58.19969 12.15406 -8.2 -4.1 51.1
SE_STA_VVIS1524 2018-02-27T14:40:00+01:00 58.2382 12.23568 -8.9 -3.3 54.0
SE_STA_VVIS1525 2018-02-27T14:40:00+01:00 58.3171 12.30649 -8.9 -4.9 56.7
SE_STA_VVIS1527 2018-02-27T14:40:00+01:00 58.36419 12.47898 -9.1 -6.9 57.1
SE_STA_VVIS1529 2018-02-27T14:40:00+01:00 58.44612 12.28001 -8.3 -4.6 61.4
SE_STA_VVIS1530 2018-02-27T14:40:02+01:00 58.60033 12.41302 -8.5 -5.4 61.6
SE_STA_VVIS1531 2018-02-27T14:40:00+01:00 58.78001 12.50679 -8.1 -7.4 56.7
SE_STA_VVIS1532 2018-02-27T14:40:01+01:00 59.05313 12.67689 -8.5 -6.1 47.1
SE_STA_VVIS1534 2018-02-27T14:40:01+01:00 58.50896 11.99049 -9.1 -7.9 68.0
SE_STA_VVIS1536 2018-02-27T14:40:01+01:00 58.87576 11.86765 -9.5 -4.9 60.5
SE_STA_VVIS1537 2018-02-27T14:40:00+01:00 59.05341 12.4899 -10.4 -7.2 55.8
SE_STA_VVIS1539 2018-02-27T14:40:00+01:00 58.3037 12.52564 -9.5 -7.8 58.4
SE_STA_VVIS1540 2018-02-27T14:40:01+01:00 57.9409 12.84782 -10.1 -5.2 76.7
SE_STA_VVIS1541 2018-02-27T14:40:01+01:00 57.48895 12.96569 -9.0 -4.4 61.4
SE_STA_VVIS1542 2018-02-27T14:40:02+01:00 57.94647 13.1933 -10.1 -5.1 71.8
SE_STA_VVIS1543 2018-02-27T14:40:00+01:00 57.41917 13.0254 -9.6 -4.8 66.5
SE_STA_VVIS1544 2018-02-27T14:40:03+01:00 57.95473 13.51978 -10.5 -6.1 73.4
SE_STA_VVIS1545 2018-02-27T14:40:00+01:00 57.67337 13.43097 -9.1 -4.5 64.0
SE_STA_VVIS1546 2018-02-27T14:40:00+01:00 57.37579 12.81462 -8.2 -1.8 62.9
SE_STA_VVIS1547 2018-02-27T14:40:02+01:00 58.0897 13.12366 -9.8 -4.5 71.1
SE_STA_VVIS1548 2018-02-27T14:40:00+01:00 58.58064 12.0197 -9.0 -6.8 61.7
SE_STA_VVIS1549 2018-02-27T14:40:01+01:00 57.75955 12.95818 -9.4 -2.0 65.4
SE_STA_VVIS1552 2018-02-27T14:40:00+01:00 59.19607 12.10688 -9.3 -4.6 53.1
SE_STA_VVIS1553 2018-02-27T14:40:00+01:00 58.78718 12.18169 -9.6 -7.0 60.6
SE_STA_VVIS1554 2018-02-27T14:40:01+01:00 57.90602 12.55339 -8.9 -3.4 66.7
SE_STA_VVIS1555 2018-02-27T14:40:00+01:00 57.51289 12.74241 -8.5 -4.0 63.3
SE_STA_VVIS1556 2018-02-27T14:40:00+01:00 58.13705 12.44533 -9.3 -6.3 55.0
SE_STA_VVIS1557 2018-02-27T14:40:00+01:00 57.35374 12.46601 -8.4 -1.2 65.4
SE_STA_VVIS1558 2018-02-27T14:40:02+01:00 57.74339 13.06151 -10.1 -5.4 75.2
SE_STA_VVIS1559 2018-02-27T14:40:02+01:00 57.8173 13.34508 -10.1 -5.6 74.0
SE_STA_VVIS1601 2018-02-27T14:40:00+01:00 58.12674 12.85454 -9.6 -4.3 65.5
SE_STA_VVIS1602 2018-02-27T14:40:01+01:00 58.29576 13.0677 -9.9 -2.3 59.7
SE_STA_VVIS1603 2018-02-27T14:40:02+01:00 58.40414 13.46271 -9.8 -4.2 56.7
SE_STA_VVIS1604 2018-02-27T14:40:00+01:00 58.31916 12.79073 -9.2 -3.4 56.6
SE_STA_VVIS1605 2018-02-27T14:40:01+01:00 58.42959 12.89073 -9.2 -3.2 53.7
SE_STA_VVIS1606 2018-02-27T14:40:00+01:00 58.44704 13.2453 -9.1 -3.4 53.0
SE_STA_VVIS1607 2018-02-27T14:40:02+01:00 58.55241 13.80849 -10.0 -4.6 52.3
SE_STA_VVIS1608 2018-02-27T14:40:03+01:00 58.60894 13.64822 -8.1 -3.4 49.3
SE_STA_VVIS1609 2018-02-27T14:40:02+01:00 58.80495 14.09895 -9.6 -2.8 51.0
SE_STA_VVIS1610 2018-02-27T14:40:01+01:00 58.89316 14.31806 -10.9 -9.5 53.9
SE_STA_VVIS1612 2018-02-27T14:40:03+01:00 58.46762 14.30401 -9.3 -5.4 58.2
SE_STA_VVIS1613 2018-02-27T14:40:02+01:00 58.69712 14.69629 -10.0 -7.4 51.7
SE_STA_VVIS1614 2018-02-27T14:40:00+01:00 58.01682 14.14447 -9.7 -3.2 69.5
SE_STA_VVIS1615 2018-02-27T14:40:00+01:00 58.03624 13.83508 -10.1 -5.2 73.3
SE_STA_VVIS1616 2018-02-27T14:40:00+01:00 58.0794 13.78495 -10.7 -6.3 73.4
SE_STA_VVIS1617 2018-02-27T14:40:00+01:00 58.15806 13.5818 -10.9 -7.9 72.9
SE_STA_VVIS1618 2018-02-27T14:40:00+01:00 58.29442 13.79356 -10.7 -7.0 67.8
SE_STA_VVIS1619 2018-02-27T14:40:00+01:00 58.30817 13.46377 -10.0 -4.7 61.9
SE_STA_VVIS1620 2018-02-27T14:40:01+01:00 58.16363 13.4534 -11.0 -7.5 71.9
SE_STA_VVIS1622 2018-02-27T14:40:00+01:00 58.38792 13.74896 -10.9 -7.3 68.2
SE_STA_VVIS1623 2018-02-27T14:40:00+01:00 58.34578 14.12331 -10.1 -6.3 78.9
SE_STA_VVIS1626 2018-02-27T14:40:00+01:00 58.78048 13.85587 -9.6 -6.8 46.0
SE_STA_VVIS1627 2018-02-27T14:40:00+01:00 58.39411 13.63037 -10.3 -5.1 60.2
SE_STA_VVIS1628 2018-02-27T14:40:03+01:00 58.51089 13.40802 -9.9 -3.9 57.3
SE_STA_VVIS1629 2018-02-27T14:40:01+01:00 58.61323 14.01091 -9.8 -5.7 54.6
SE_STA_VVIS1630 2018-02-27T14:40:18+01:00 58.98876 14.09601 -10.0 -9.5 47.5
SE_STA_VVIS1631 2018-02-27T14:40:02+01:00 58.68268 14.33806 -10.0 -7.8 55.6
SE_STA_VVIS1633 2018-02-27T14:40:00+01:00 58.56907 13.11979 -9.0 -5.4 53.4
SE_STA_VVIS1634 2018-02-27T14:40:02+01:00 58.06279 13.97887 -11.2 -8.2 73.7
SE_STA_VVIS1701 2018-02-27T14:40:00+01:00 59.37437 13.98474 -9.6 -5.2 46.2
SE_STA_VVIS1702 2018-02-27T14:40:00+01:00 59.3909 13.26916 -8.8 -2.4 49.9
SE_STA_VVIS1703 2018-02-27T14:40:00+01:00 59.25534 12.99539 -9.2 -4.2 46.0
SE_STA_VVIS1704 2018-02-27T14:40:00+01:00 59.28573 12.46385 -10.0 -6.0 50.2
SE_STA_VVIS1705 2018-02-27T14:40:02+01:00 59.50699 11.79238 -9.3 -6.2 49.7
SE_STA_VVIS1707 2018-02-27T14:40:00+01:00 59.61057 13.80746 -10.7 -8.4 52.6
SE_STA_VVIS1708 2018-02-27T14:40:01+01:00 59.54203 13.46295 -9.0 -4.8 46.5
SE_STA_VVIS1709 2018-02-27T14:40:00+01:00 59.66631 12.90229 -9.6 -7.5 51.7
SE_STA_VVIS1710 2018-02-27T14:40:02+01:00 59.90512 13.56296 -9.6 -7.9 54.1
SE_STA_VVIS1712 2018-02-27T14:40:02+01:00 59.30981 14.29193 -11.2 -10.6 55.0
SE_STA_VVIS1713 2018-02-27T14:40:01+01:00 59.68497 14.07109 -11.8 -7.6 61.9
SE_STA_VVIS1714 2018-02-27T14:40:01+01:00 60.113 14.1757 -12.5 -9.4 64.1
SE_STA_VVIS1715 2018-02-27T14:40:00+01:00 60.35374 13.1717 -11.2 -8.1 58.1
SE_STA_VVIS1716 2018-02-27T14:40:04+01:00 59.91071 12.27471 -9.7 -6.4 57.2
SE_STA_VVIS1717 2018-02-27T14:40:01+01:00 60.02023 12.62263 -8.3 -9.6 42.7
SE_STA_VVIS1719 2018-02-27T14:40:00+01:00 61.02172 12.50806 -12.2 -11.4 53.5
SE_STA_VVIS1720 2018-02-27T14:30:00+01:00 60.42347 13.25741 -8.6 -5.3 42.2
SE_STA_VVIS1721 2018-02-27T14:40:02+01:00 60.75686 12.77226 -10.7 -9.3 49.3
SE_STA_VVIS1722 2018-02-27T14:40:02+01:00 59.19916 14.18306 -10.0 -7.1 45.8
SE_STA_VVIS1723 2018-02-27T14:40:00+01:00 59.68595 14.19653 -9.8 -6.5 51.5
SE_STA_VVIS1724 2018-02-27T14:40:01+01:00 60.0218 13.90923 -11.9 -7.5 69.3
SE_STA_VVIS1725 2018-02-27T14:40:00+01:00 60.20668 13.25259 -11.5 -8.1 65.9
SE_STA_VVIS1726 2018-02-27T14:40:00+01:00 60.38506 12.61466 -11.7 -9.6 72.7
SE_STA_VVIS1727 2018-02-27T14:40:00+01:00 59.99267 13.0966 -10.0 -5.4 76.1
SE_STA_VVIS1728 2018-02-27T14:40:00+01:00 59.57759 12.23586 -11.4 -7.8 65.4
SE_STA_VVIS1729 2018-02-27T14:40:01+01:00 59.8673 13.40273 -11.7 -6.5 65.6
SE_STA_VVIS1730 2018-02-27T14:40:00+01:00 59.40569 12.78795 -9.2 -6.4 51.2
SE_STA_VVIS1731 2018-02-27T14:40:00+01:00 59.39988 13.5963 -10.0 -3.8 47.4
SE_STA_VVIS1732 2018-02-27T14:40:01+01:00 60.28844 13.39536 -10.3 -7.8 58.1
SE_STA_VVIS1733 2018-02-27T14:40:00+01:00 59.38782 12.17196 -9.3 -6.8 51.8
SE_STA_VVIS1734 2018-02-27T14:40:00+01:00 59.44236 14.23585 -10.0 -7.6 50.0
SE_STA_VVIS1735 2018-02-27T14:40:00+01:00 59.81209 13.70529 -9.5 -5.1 54.7
SE_STA_VVIS1736 2018-02-27T14:40:00+01:00 60.20813 12.60857 -10.5 -9.8 60.1
SE_STA_VVIS1737 2018-02-27T14:40:01+01:00 60.65522 12.7043 -12.6 -11.5 54.7
SE_STA_VVIS1738 2018-02-27T14:40:01+01:00 59.72599 13.13351 -10.1 -6.3 54.0
SE_STA_VVIS1739 2018-02-27T14:40:02+01:00 59.70969 12.55235 -8.7 -4.9 47.2
SE_STA_VVIS1740 2018-02-27T14:40:01+01:00 60.24761 13.01151 -9.5 -7.9 53.3
SE_STA_VVIS1741 2018-02-27T14:40:00+01:00 59.78525 14.33126 -12.0 -10.0 70.0
SE_STA_VVIS1801 2018-02-27T14:40:02+01:00 58.8137 14.93065 -11.5 -8.1 49.7
SE_STA_VVIS1802 2018-02-27T14:40:02+01:00 58.83918 14.92667 -10.8 -4.9 50.0
SE_STA_VVIS1803 2018-02-27T14:40:00+01:00 59.13025 15.23621 -10.5 -8.0 54.1
SE_STA_VVIS1804 2018-02-27T14:40:01+01:00 59.4609 15.48451 -10.6 -7.7 50.2
SE_STA_VVIS1805 2018-02-27T14:40:02+01:00 59.32159 14.39909 -10.4 -8.5 47.7
SE_STA_VVIS1806 2018-02-27T14:40:00+01:00 59.89512 15.01762 -10.4 -9.0 62.0
SE_STA_VVIS1807 2018-02-27T14:40:00+01:00 59.23004 15.41224 -11.0 -6.7 51.1
SE_STA_VVIS1808 2018-02-27T14:40:00+01:00 59.1926 15.12503 -10.8 -6.3 54.0
SE_STA_VVIS1809 2018-02-27T14:40:02+01:00 59.24344 15.00863 -10.6 -7.2 54.1
SE_STA_VVIS1813 2018-02-27T14:40:00+01:00 59.00837 14.72973 -10.6 -9.5 50.4
SE_STA_VVIS1814 2018-02-27T14:40:01+01:00 59.01536 15.03665 -11.5 -8.5 51.5
SE_STA_VVIS1815 2018-02-27T14:40:03+01:00 59.22884 15.14179 -9.6 -6.0 46.0
SE_STA_VVIS1817 2018-02-27T14:40:00+01:00 59.19326 14.46489 -10.5 -6.5 51.1
SE_STA_VVIS1818 2018-02-27T14:40:00+01:00 59.25935 14.81115 -10.9 -3.8 53.7
SE_STA_VVIS1819 2018-02-27T14:40:02+01:00 59.45597 15.13348 -9.5 -4.2 43.7
SE_STA_VVIS1820 2018-02-27T14:40:02+01:00 59.64344 15.13722 -12.1 -8.8 59.4
SE_STA_VVIS1821 2018-02-27T14:40:00+01:00 58.9479 14.4702 -10.6 -4.0 48.0
SE_STA_VVIS1822 2018-02-27T14:40:01+01:00 58.76914 14.99346 -10.6 -7.1 38.0
SE_STA_VVIS1823 2018-02-27T14:40:01+01:00 58.86527 15.41194 -9.9 1.2 42.2
SE_STA_VVIS1825 2018-02-27T14:40:00+01:00 59.76081 15.4722 -11.8 -8.1 69.0
SE_STA_VVIS1826 2018-02-27T14:40:02+01:00 60.02534 14.97875 -12.9 -7.9 83.1
SE_STA_VVIS1827 2018-02-27T14:40:02+01:00 59.81674 14.65533 -10.9 -6.7 54.9
SE_STA_VVIS1828 2018-02-27T14:40:00+01:00 59.42772 14.71323 -11.0 -6.6 55.1
SE_STA_VVIS1829 2018-02-27T14:40:00+01:00 59.60286 14.65967 -12.5 -8.0 69.2
SE_STA_VVIS1830 2018-02-27T14:40:00+01:00 59.31741 14.59617 -10.5 -7.9 52.9
SE_STA_VVIS1901 2018-02-27T14:40:02+01:00 59.4068 15.98739 -10.4 -3.6 49.8
SE_STA_VVIS1902 2018-02-27T14:40:16+01:00 59.42061 16.15325 -11.6 -8.2 55.5
SE_STA_VVIS1903 2018-02-27T14:40:01+01:00 59.48341 16.30535 -11.3 -7.5 48.9
SE_STA_VVIS1904 2018-02-27T14:40:02+01:00 59.55648 16.05001 -11.4 -5.7 54.3
SE_STA_VVIS1905 2018-02-27T14:40:01+01:00 59.63191 16.19894 -11.0 -7.9 48.1
SE_STA_VVIS1906 2018-02-27T14:40:00+01:00 59.61865 16.51541 -11.5 -9.3 54.0
SE_STA_VVIS1908 2018-02-27T14:40:13+01:00 59.67122 15.77111 -10.8 -7.1 49.3
SE_STA_VVIS1909 2018-02-27T14:40:00+01:00 59.71978 16.23817 -11.2 -7.0 55.8
SE_STA_VVIS1910 2018-02-27T14:40:00+01:00 59.77202 16.5623 -10.1 -2.6 52.8
SE_STA_VVIS1911 2018-02-27T14:40:00+01:00 59.84511 15.57875 -12.8 -9.0 70.5
SE_STA_VVIS1912 2018-02-27T14:40:01+01:00 59.91842 15.95172 -11.4 -7.1 68.5
SE_STA_VVIS1913 2018-02-27T14:40:02+01:00 59.86069 16.63292 -11.5 -5.9 57.8
SE_STA_VVIS1915 2018-02-27T14:40:02+01:00 60.0672 15.91534 -11.6 -5.0 67.7
SE_STA_VVIS1916 2018-02-27T14:40:00+01:00 60.02005 16.36451 -11.8 -5.6 78.6
SE_STA_VVIS1917 2018-02-27T14:40:00+01:00 60.24052 16.95888 -11.4 -6.1 75.3
SE_STA_VVIS1918 2018-02-27T14:40:00+01:00 60.14489 17.20359 -11.3 -7.3 64.9
SE_STA_VVIS1920 2018-02-27T14:40:00+01:00 60.0702 16.87557 -11.1 -9.3 62.2
SE_STA_VVIS1921 2018-02-27T14:40:00+01:00 59.38139 15.65741 -10.0 -5.0 48.8
SE_STA_VVIS1922 2018-02-27T14:40:01+01:00 59.93717 16.82649 -11.3 -9.1 65.9
SE_STA_VVIS1923 2018-02-27T14:40:00+01:00 59.62017 16.66183 -10.9 -3.8 51.6
SE_STA_VVIS2001 2018-02-27T14:30:00+01:00 60.38478 15.65897 -11.1 -7.4 64.8
SE_STA_VVIS2002 2018-02-27T14:40:20+01:00 60.23616 16.03116 -11.5 -7.1 73.6
SE_STA_VVIS2003 2018-02-27T14:40:00+01:00 60.25084 16.35909 -11.8 -6.7 70.1
SE_STA_VVIS2004 2018-02-27T14:40:01+01:00 60.56889 15.97306 -12.4 -7.8 77.2
SE_STA_VVIS2005 2018-02-27T14:40:00+01:00 60.54667 15.5675 -10.7 -6.9 59.4
SE_STA_VVIS2006 2018-02-27T14:40:00+01:00 60.82719 15.06941 -11.9 -9.2 67.4
SE_STA_VVIS2007 2018-02-27T14:40:02+01:00 61.3877 14.79809 -15.4 -10.0 81.3
SE_STA_VVIS2009 2018-02-27T14:40:02+01:00 60.51611 13.49554 -14.1 -10.6 80.1
SE_STA_VVIS2010 2018-02-27T14:40:00+01:00 60.50105 13.95599 -11.9 -6.9 61.5
SE_STA_VVIS2011 2018-02-27T14:40:00+01:00 60.12295 15.12262 -12.1 -8.7 81.8
SE_STA_VVIS2012 2018-02-27T14:40:01+01:00 60.32889 15.31806 -12.8 -8.1 79.7
SE_STA_VVIS2015 2018-02-27T14:40:02+01:00 61.15829 13.11383 -16.5 -9.4 84.3
SE_STA_VVIS2016 2018-02-27T14:40:00+01:00 60.92181 14.83504 -11.5 -10.0 57.1
SE_STA_VVIS2020 2018-02-27T14:40:01+01:00 61.10666 14.2813 -11.6 -9.4 61.2
SE_STA_VVIS2021 2018-02-27T14:40:02+01:00 61.41968 13.47737 -14.3 -9.2 66.7
SE_STA_VVIS2025 2018-02-27T14:40:00+01:00 60.53013 15.31499 -11.3 -8.1 62.2
SE_STA_VVIS2026 2018-02-27T14:40:16+01:00 60.3266 14.19963 -13.1 -7.8 72.9
SE_STA_VVIS2027 2018-02-27T14:40:02+01:00 60.79844 13.43084 -11.7 -7.9 60.9
SE_STA_VVIS2028 2018-02-27T14:40:00+01:00 61.07878 13.61992 -13.4 -9.8 61.9
SE_STA_VVIS2029 2018-02-27T14:40:01+01:00 60.46693 14.67388 -11.7 -9.0 66.6
SE_STA_VVIS2030 2018-02-27T14:40:00+01:00 60.71366 15.4605 -11.5 -7.6 63.0
SE_STA_VVIS2031 2018-02-27T14:40:02+01:00 59.9967 15.66693 -11.2 -6.6 67.3
SE_STA_VVIS2032 2018-02-27T14:40:00+01:00 61.16669 15.1355 -12.1 -8.9 72.8
SE_STA_VVIS2033 2018-02-27T14:40:01+01:00 61.84026 12.28798 -15.9 -13.4 62.2
SE_STA_VVIS2035 2018-02-27T14:40:02+01:00 61.49477 14.84663 -12.8 -10.9 63.0
SE_STA_VVIS2036 2018-02-27T14:40:00+01:00 60.84889 16.08528 -13.3 -8.9 78.0
SE_STA_VVIS2037 2018-02-27T14:40:01+01:00 61.38485 13.0732 -13.3 -10.3 53.8
SE_STA_VVIS2039 2018-02-27T14:40:00+01:00 60.16014 14.52255 -13.9 -8.6 82.2
SE_STA_VVIS2040 2018-02-27T14:40:00+01:00 61.00968 14.57209 -10.9 -7.8 60.8
SE_STA_VVIS2041 2018-02-27T14:40:00+01:00 60.60361 14.60972 -12.5 -2.6 66.8
SE_STA_VVIS2042 2018-02-27T14:40:03+01:00 60.85972 14.33415 -11.9 -9.0 60.2
SE_STA_VVIS2043 2018-02-27T14:40:00+01:00 60.82343 15.25263 -12.2 -8.9 65.2
SE_STA_VVIS2098 2018-02-27T14:40:00+01:00 60.48587 15.40781 -11.7 -8.9 62.6
SE_STA_VVIS2101 2018-02-27T14:40:01+01:00 60.29539 16.91656 -9.6 -6.8 72.8
SE_STA_VVIS2102 2018-02-27T14:40:00+01:00 60.6259 16.90414 -11.2 -7.0 84.7
SE_STA_VVIS2104 2018-02-27T14:40:01+01:00 61.76471 17.09528 -10.7 -7.0 69.9
SE_STA_VVIS2105 2018-02-27T14:40:02+01:00 60.55843 16.31905 -11.7 -8.4 81.0
SE_STA_VVIS2106 2018-02-27T14:40:02+01:00 61.00528 16.98666 -11.0 -8.1 73.5
SE_STA_VVIS2107 2018-02-27T14:40:02+01:00 61.19274 16.76986 -10.9 -6.4 76.3
SE_STA_VVIS2108 2018-02-27T14:40:03+01:00 61.23232 17.03245 -10.3 -6.7 76.0
SE_STA_VVIS2111 2018-02-27T14:40:00+01:00 61.61683 17.05489 -10.1 -7.9 87.2
SE_STA_VVIS2112 2018-02-27T14:40:00+01:00 61.70626 17.07298 -10.9 -7.2 83.7
SE_STA_VVIS2113 2018-02-27T14:40:00+01:00 61.90043 17.18493 -10.9 -7.7 83.6
SE_STA_VVIS2114 2018-02-27T14:40:02+01:00 61.97237 17.24108 -11.7 -8.3 79.4
SE_STA_VVIS2115 2018-02-27T14:40:01+01:00 62.07787 17.27761 -12.4 -9.2 83.2
SE_STA_VVIS2116 2018-02-27T14:40:00+01:00 61.75805 16.78872 -8.9 -9.1 92.2
SE_STA_VVIS2117 2018-02-27T14:40:02+01:00 61.13228 16.17717 -12.8 -7.4 79.9
SE_STA_VVIS2118 2018-02-27T14:40:00+01:00 61.81608 16.19351 -12.8 -8.4 72.5
SE_STA_VVIS2119 2018-02-27T14:40:01+01:00 61.79914 15.81393 -12.5 -10.6 73.3
SE_STA_VVIS2120 2018-02-27T14:40:01+01:00 61.75335 16.16061 -12.0 -8.9 77.5
SE_STA_VVIS2121 2018-02-27T14:40:02+01:00 61.5759 16.31726 -11.7 -9.3 86.4
SE_STA_VVIS2122 2018-02-27T14:40:00+01:00 61.35078 16.51291 -11.2 -9.4 83.6
SE_STA_VVIS2123 2018-02-27T14:40:02+01:00 60.89517 17.0296 -10.8 -7.6 81.6
SE_STA_VVIS2125 2018-02-27T14:40:01+01:00 61.33555 15.54221 -11.4 -10.3 75.0
SE_STA_VVIS2126 2018-02-27T14:40:00+01:00 61.69754 14.73578 -15.1 -10.5 68.9
SE_STA_VVIS2127 2018-02-27T14:40:03+01:00 61.85445 15.20957 -15.1 -10.3 69.7
SE_STA_VVIS2128 2018-02-27T14:40:02+01:00 62.26316 15.67093 -15.0 -10.9 73.9
SE_STA_VVIS2129 2018-02-27T14:40:02+01:00 62.07397 16.56552 -14.4 -5.4 75.4
SE_STA_VVIS2130 2018-02-27T14:40:00+01:00 60.76109 16.7483 -11.8 -8.4 86.2
SE_STA_VVIS2131 2018-02-27T14:40:00+01:00 60.50529 17.30831 -11.1 -5.9 78.8
SE_STA_VVIS2132 2018-02-27T14:40:00+01:00 60.74451 17.08121 -10.7 -6.2 80.1
SE_STA_VVIS2133 2018-02-27T14:40:01+01:00 61.9786 15.32559 -12.1 -9.3 56.1
SE_STA_VVIS2134 2018-02-27T14:40:01+01:00 61.81902 16.02405 -12.3 -8.0 73.0
SE_STA_VVIS2135 2018-02-27T14:40:02+01:00 60.57877 16.53743 -11.2 -5.3 82.3
SE_STA_VVIS2136 2018-02-27T14:40:02+01:00 61.33767 16.03335 -11.2 -8.9 72.9
SE_STA_VVIS2137 2018-02-27T14:40:00+01:00 61.51508 16.98203 -10.7 -7.6 87.8
SE_STA_VVIS2138 2018-02-27T14:40:03+01:00 60.67361 17.09109 -10.6 -0.7 78.6
SE_STA_VVIS2139 2018-02-27T14:40:02+01:00 61.07111 15.79638 -13.2 -11.2 80.9
SE_STA_VVIS2140 2018-02-27T14:40:02+01:00 61.68198 17.03911 -10.9 -8.8 83.4
SE_STA_VVIS2201 2018-02-27T14:40:00+01:00 62.19523 17.36965 -13.3 -9.2 86.9
SE_STA_VVIS2202 2018-02-27T14:40:03+01:00 62.43064 17.3447 -13.4 -9.1 80.1
SE_STA_VVIS2204 2018-02-27T14:40:02+01:00 62.56191 17.71093 -13.9 -11.3 75.3
SE_STA_VVIS2206 2018-02-27T14:40:03+01:00 62.90892 17.93848 -12.2 -9.3 63.7
SE_STA_VVIS2207 2018-02-27T14:40:00+01:00 63.01176 18.2907 -13.5 -9.5 60.1
SE_STA_VVIS2208 2018-02-27T14:40:02+01:00 63.1152 18.3875 -14.2 -9.8 63.4
SE_STA_VVIS2210 2018-02-27T14:40:00+01:00 63.34334 19.11779 -13.0 -7.9 61.2
SE_STA_VVIS2212 2018-02-27T14:40:02+01:00 62.37613 16.8764 -12.2 -10.1 62.2
SE_STA_VVIS2213 2018-02-27T14:40:00+01:00 62.36277 17.04755 -11.5 -11.3 61.7
SE_STA_VVIS2214 2018-02-27T14:40:02+01:00 62.55288 17.12206 -12.6 -10.3 65.7
SE_STA_VVIS2215 2018-02-27T14:40:00+01:00 63.12929 17.47358 -13.2 -14.3 63.0
SE_STA_VVIS2216 2018-02-27T14:40:02+01:00 62.47091 17.31353 -12.1 -11.1 62.8
SE_STA_VVIS2217 2018-02-27T14:40:01+01:00 63.17604 18.43924 -12.7 -9.0 56.3
SE_STA_VVIS2218 2018-02-27T14:40:00+01:00 63.29515 18.67223 -12.9 -12.5 55.1
SE_STA_VVIS2219 2018-02-27T14:40:02+01:00 63.03243 17.67017 -13.6 -14.0 56.5
SE_STA_VVIS2220 2018-02-27T14:40:01+01:00 63.48621 16.86302 -9.2 -12.3 45.6
SE_STA_VVIS2221 2018-02-27T14:40:00+01:00 62.51641 17.45289 -12.3 -11.5 60.6
SE_STA_VVIS2222 2018-02-27T14:40:03+01:00 62.76291 16.7387 -14.3 -14.0 64.7
SE_STA_VVIS2223 2018-02-27T14:40:02+01:00 63.27104 17.97238 -14.8 -12.8 63.7
SE_STA_VVIS2224 2018-02-27T14:40:02+01:00 63.88889 17.21328 -13.6 -13.5 59.7
SE_STA_VVIS2225 2018-02-27T14:40:02+01:00 62.4868 15.48957 -13.4 -9.1 58.8
SE_STA_VVIS2226 2018-02-27T14:40:02+01:00 62.55557 15.85138 -12.9 -11.8 58.8
SE_STA_VVIS2227 2018-02-27T14:40:00+01:00 63.11954 17.01255 -12.6 -11.4 60.3
SE_STA_VVIS2228 2018-02-27T14:40:01+01:00 62.9352 17.23241 -15.1 -14.2 70.1
SE_STA_VVIS2229 2018-02-27T14:40:00+01:00 63.77019 17.68122 -13.6 -13.7 59.2
SE_STA_VVIS2230 2018-02-27T14:40:00+01:00 63.59453 16.17378 -10.3 -13.4 51.4
SE_STA_VVIS2231 2018-02-27T14:40:00+01:00 63.28753 16.70933 -11.5 -11.0 52.4
SE_STA_VVIS2232 2018-02-27T14:40:00+01:00 62.43127 14.99141 -11.2 -12.0 46.9
SE_STA_VVIS2233 2018-02-27T14:40:00+01:00 63.1514 17.69183 -12.5 -10.7 55.5
SE_STA_VVIS2234 2018-02-27T14:40:00+01:00 63.59045 19.01682 -13.6 -15.8 60.7
SE_STA_VVIS2235 2018-02-27T14:40:01+01:00 62.79899 17.93935 -13.7 -12.1 60.4
SE_STA_VVIS2236 2018-02-27T14:40:47+01:00 62.79419 17.93234 -15.3 -14.9 63.1
SE_STA_VVIS2237 2018-02-27T14:40:00+01:00 62.68573 17.84692 -12.9 -8.5 61.7
SE_STA_VVIS2238 2018-02-27T14:40:00+01:00 62.92712 18.09753 -13.3 -11.5 57.5
SE_STA_VVIS2239 2018-02-27T14:40:00+01:00 63.41819 18.25364 -13.7 -15.6 59.1
SE_STA_VVIS2240 2018-02-27T14:40:00+01:00 63.32869 19.05508 -12.5 -10.1 57.5
SE_STA_VVIS2241 2018-02-27T14:40:00+01:00 62.47367 16.36609 -12.6 -9.8 70.0
SE_STA_VVIS2242 2018-02-27T14:40:01+01:00 62.87639 18.44601 -13.6 -9.8 72.2
SE_STA_VVIS2243 2018-02-27T14:40:02+01:00 63.44009 16.87821 -11.8 -14.3 53.2
SE_STA_VVIS2244 2018-02-27T14:40:02+01:00 62.38863 17.34101 -12.6 -9.9 67.1
SE_STA_VVIS2245 2018-02-27T14:40:02+01:00 62.27652 17.34504 -12.9 -9.8 82.4
SE_STA_VVIS2311 2018-02-27T14:40:01+01:00 63.3181 12.08447 -14.5 -12.5 72.9
SE_STA_VVIS2312 2018-02-27T14:40:00+01:00 63.26786 12.38532 -12.5 -10.9 56.6
SE_STA_VVIS2313 2018-02-27T14:40:00+01:00 63.36645 12.70163 -14.0 -10.0 65.8
SE_STA_VVIS2316 2018-02-27T14:40:00+01:00 62.57036 12.23483 -14.4 -13.6 56.1
SE_STA_VVIS2317 2018-02-27T14:40:00+01:00 63.30543 13.87671 -12.6 -11.0 64.5
SE_STA_VVIS2318 2018-02-27T14:40:02+01:00 63.61424 15.00113 -13.7 -12.4 68.8
SE_STA_VVIS2319 2018-02-27T14:40:02+01:00 62.68555 15.58147 -14.7 -13.6 65.3
SE_STA_VVIS2320 2018-02-27T14:40:00+01:00 63.14857 15.9932 -11.0 -11.7 54.9
SE_STA_VVIS2322 2018-02-27T14:40:01+01:00 62.17469 12.93898 -15.1 -11.8 64.3
SE_STA_VVIS2323 2018-02-27T14:40:02+01:00 62.51326 14.45013 -15.0 -10.8 64.9
SE_STA_VVIS2324 2018-02-27T14:40:02+01:00 63.74514 15.49265 -11.8 -10.1 64.2
SE_STA_VVIS2325 2018-02-27T14:40:00+01:00 63.0182 14.93756 -14.6 -8.7 66.2
SE_STA_VVIS2326 2018-02-27T14:40:00+01:00 63.01171 16.66041 -12.9 -10.1 59.6
SE_STA_VVIS2327 2018-02-27T14:40:01+01:00 63.26646 14.853 -11.7 -10.0 55.4
SE_STA_VVIS2328 2018-02-27T14:40:01+01:00 62.98301 14.57253 -13.9 -11.6 70.7
SE_STA_VVIS2329 2018-02-27T14:40:01+01:00 62.68362 14.38778 -13.3 -11.6 59.8
SE_STA_VVIS2331 2018-02-27T14:40:00+01:00 61.99952 14.95234 -14.0 -10.8 72.3
SE_STA_VVIS2332 2018-02-27T14:40:02+01:00 64.7719 14.03974 -11.4 -14.1 73.7
SE_STA_VVIS2333 2018-02-27T14:40:01+01:00 64.36279 14.66688 -11.4 -12.0 66.0
SE_STA_VVIS2334 2018-02-27T14:40:02+01:00 63.04093 16.73029 -14.6 -12.1 64.9
SE_STA_VVIS2335 2018-02-27T14:40:00+01:00 62.19567 13.87294 -14.3 -10.8 56.2
SE_STA_VVIS2336 2018-02-27T14:40:00+01:00 64.06538 14.14529 -11.0 -11.5 56.9
SE_STA_VVIS2338 2018-02-27T14:40:01+01:00 63.37375 13.16067 -12.5 -7.3 70.5
SE_STA_VVIS2339 2018-02-27T14:40:00+01:00 64.16473 16.27423 -11.4 -9.8 61.5
SE_STA_VVIS2341 2018-02-27T14:40:02+01:00 62.47884 14.07142 -17.2 -11.1 74.5
SE_STA_VVIS2342 2018-02-27T14:40:01+01:00 63.1935 15.16573 -12.5 -13.4 60.0
SE_STA_VVIS2343 2018-02-27T14:40:00+01:00 63.26197 13.21464 -14.5 -11.8 74.4
SE_STA_VVIS2345 2018-02-27T14:40:01+01:00 63.5237 12.40236 -12.6 -12.1 58.6
SE_STA_VVIS2346 2018-02-27T14:40:00+01:00 63.43449 15.12357 -13.2 -12.9 64.9
SE_STA_VVIS2347 2018-02-27T14:40:00+01:00 62.40073 12.95398 -14.2 -10.0 22.8
SE_STA_VVIS2348 2018-02-27T14:40:03+01:00 62.25961 14.81726 -13.6 -10.6 67.6
SE_STA_VVIS2349 2018-02-27T14:40:00+01:00 62.92548 15.67919 -14.9 -13.6 66.4
SE_STA_VVIS2350 2018-02-27T14:40:01+01:00 63.16594 14.7244 -13.2 -13.3 67.0
SE_STA_VVIS2351 2018-02-27T14:40:01+01:00 63.97016 15.8574 -11.0 -9.8 61.4
SE_STA_VVIS2352 2018-02-27T14:40:00+01:00 63.07608 14.29305 -12.4 -13.9 56.4
SE_STA_VVIS2353 2018-02-27T14:40:02+01:00 63.56902 13.02033 -12.1 -13.1 63.3
SE_STA_VVIS2354 2018-02-27T14:40:00+01:00 63.66567 13.8586 -10.4 -12.1 57.4
SE_STA_VVIS2355 2018-02-27T14:40:02+01:00 63.09895 13.78969 -14.3 -6.2 62.8
SE_STA_VVIS2356 2018-02-27T14:40:02+01:00 63.84608 16.40408 -11.0 -11.2 52.5
SE_STA_VVIS2398 2018-02-27T14:40:02+01:00 63.18519 14.70009 -13.7 -11.8 64.1
SE_STA_VVIS2401 2018-02-27T14:40:01+01:00 64.84521 20.98793 -12.2 -10.9 61.8
SE_STA_VVIS2402 2018-02-27T14:40:02+01:00 64.43583 21.27997 -14.0 -8.8 66.5
SE_STA_VVIS2404 2018-02-27T14:40:00+01:00 63.99486 20.03755 -13.5 -11.0 61.5
SE_STA_VVIS2405 2018-02-27T14:40:00+01:00 64.75713 18.16898 -12.1 -12.0 66.4
SE_STA_VVIS2406 2018-02-27T14:40:02+01:00 66.01041 15.09595 -9.4 -11.4 56.5
SE_STA_VVIS2408 2018-02-27T14:40:00+01:00 64.80747 20.67941 -13.5 -8.2 68.6
SE_STA_VVIS2409 2018-02-27T14:40:00+01:00 64.2744 21.05277 -12.5 -9.4 60.3
SE_STA_VVIS2410 2018-02-27T14:40:01+01:00 63.96857 20.70862 -13.4 -9.3 65.2
SE_STA_VVIS2411 2018-02-27T14:40:03+01:00 63.90223 19.89704 -12.2 -10.3 59.3
SE_STA_VVIS2412 2018-02-27T14:40:01+01:00 64.04958 19.67642 -13.5 -8.9 62.5
SE_STA_VVIS2413 2018-02-27T14:40:00+01:00 64.42491 18.06093 -13.6 -12.0 69.9
SE_STA_VVIS2414 2018-02-27T14:40:00+01:00 64.73431 17.40337 -14.5 -13.2 80.4
SE_STA_VVIS2415 2018-02-27T14:40:00+01:00 63.57166 19.4401 -11.7 -11.1 52.2
SE_STA_VVIS2416 2018-02-27T14:40:03+01:00 63.71243 20.06014 -13.1 -10.3 59.6
SE_STA_VVIS2418 2018-02-27T14:40:00+01:00 64.49133 20.68846 -13.7 -13.9 62.5
SE_STA_VVIS2419 2018-02-27T14:40:14+01:00 64.88783 20.27199 -13.9 -13.4 77.5
SE_STA_VVIS2420 2018-02-27T14:40:00+01:00 64.97253 19.74329 -13.7 -8.7 78.7
SE_STA_VVIS2422 2018-02-27T14:40:02+01:00 64.87453 16.99125 -11.2 -13.1 64.1
SE_STA_VVIS2423 2018-02-27T14:40:00+01:00 64.07199 18.37736 -14.3 -14.8 65.2
SE_STA_VVIS2424 2018-02-27T14:40:01+01:00 64.43587 16.79674 -11.7 -13.6 62.5
SE_STA_VVIS2425 2018-02-27T14:40:02+01:00 64.68263 19.23972 -12.9 -12.5 68.4
SE_STA_VVIS2426 2018-02-27T14:40:00+01:00 64.2662 20.22897 -13.9 -13.6 68.0
SE_STA_VVIS2427 2018-02-27T14:40:02+01:00 65.48058 15.9011 -9.4 -12.5 62.3
SE_STA_VVIS2428 2018-02-27T14:40:01+01:00 65.05466 19.05509 -11.1 -12.4 70.5
SE_STA_VVIS2430 2018-02-27T14:40:02+01:00 65.52026 17.10434 -10.7 -13.9 66.9
SE_STA_VVIS2432 2018-02-27T14:40:00+01:00 65.24451 19.70432 -12.8 -13.5 77.1
SE_STA_VVIS2433 2018-02-27T14:40:01+01:00 64.96782 15.37907 -13.7 -14.4 75.9
SE_STA_VVIS2434 2018-02-27T14:40:00+01:00 64.40161 19.03614 -12.5 -14.8 62.1
SE_STA_VVIS2435 2018-02-27T14:40:00+01:00 65.24643 18.11537 -11.0 -9.0 73.9
SE_STA_VVIS2436 2018-02-27T14:40:03+01:00 65.35509 16.56669 -10.5 -13.6 66.8
SE_STA_VVIS2437 2018-02-27T14:40:02+01:00 64.61363 19.96789 -13.9 -10.9 74.3
SE_STA_VVIS2438 2018-02-27T14:40:02+01:00 64.8242 18.79676 -12.5 -10.7 68.0
SE_STA_VVIS2439 2018-02-27T14:40:02+01:00 64.82158 15.19149 -12.1 -10.7 65.5
SE_STA_VVIS2440 2018-02-27T14:40:02+01:00 63.71199 20.35693 -13.6 -11.9 68.9
SE_STA_VVIS2442 2018-02-27T14:40:00+01:00 63.93484 19.31789 -12.8 -11.9 58.1
SE_STA_VVIS2443 2018-02-27T14:40:00+01:00 64.31292 19.59463 -13.2 -13.6 66.4
SE_STA_VVIS2444 2018-02-27T14:40:01+01:00 64.65134 21.13033 -12.9 -11.7 66.3
SE_STA_VVIS2445 2018-02-27T14:40:01+01:00 65.02058 17.64209 -12.5 -13.7 73.5
SE_STA_VVIS2446 2018-02-27T14:40:01+01:00 65.43609 18.45861 -11.4 -11.7 70.2
SE_STA_VVIS2447 2018-02-27T14:40:00+01:00 64.19846 17.49886 -12.3 -13.1 62.8
SE_STA_VVIS2448 2018-02-27T14:40:01+01:00 64.20992 18.84696 -11.9 -11.2 56.3
SE_STA_VVIS2449 2018-02-27T14:40:00+01:00 63.77249 19.30903 -12.9 -10.6 59.2
SE_STA_VVIS2450 2018-02-27T14:40:00+01:00 64.50728 21.25824 -13.9 -9.4 66.0
SE_STA_VVIS2451 2018-02-27T14:40:00+01:00 63.87139 20.45354 -13.2 -10.4 60.4
SE_STA_VVIS2452 2018-02-27T14:40:00+01:00 64.54345 15.88436 -10.7 -12.9 58.4
SE_STA_VVIS2453 2018-02-27T14:40:00+01:00 66.11835 14.80481 -11.3 -11.9 60.2
SE_STA_VVIS2454 2018-02-27T14:40:01+01:00 65.20829 17.63435 -11.3 -11.5 68.6
SE_STA_VVIS2456 2018-02-27T14:40:01+01:00 64.64088 17.87608 -14.5 -12.3 80.7
SE_STA_VVIS2457 2018-02-27T14:40:00+01:00 63.61539 19.82396 -12.4 -11.6 55.6
SE_STA_VVIS2501 2018-02-27T14:40:00+01:00 65.80942 23.99133 -13.1 -13.1 65.4
SE_STA_VVIS2502 2018-02-27T14:40:00+01:00 65.83691 23.43711 -11.6 -10.5 60.6
SE_STA_VVIS2503 2018-02-27T14:40:02+01:00 65.88325 22.96542 -13.8 -13.2 73.6
SE_STA_VVIS2504 2018-02-27T14:40:02+01:00 65.90186 22.6119 -13.1 -10.0 66.2
SE_STA_VVIS2505 2018-02-27T14:40:02+01:00 65.84924 22.31368 -11.9 -10.7 65.4
SE_STA_VVIS2506 2018-02-27T14:40:01+01:00 65.69626 21.82952 -11.8 -7.9 70.1
SE_STA_VVIS2507 2018-02-27T14:40:02+01:00 65.51302 21.77519 -10.2 -8.0 63.3
SE_STA_VVIS2508 2018-02-27T14:40:01+01:00 65.17195 21.49946 -13.8 -9.6 72.7
SE_STA_VVIS2510 2018-02-27T14:40:02+01:00 65.39209 21.45089 -10.8 -10.3 87.2
SE_STA_VVIS2511 2018-02-27T14:40:01+01:00 65.75272 21.76498 -11.2 -12.0 74.5
SE_STA_VVIS2512 2018-02-27T14:40:01+01:00 66.50502 19.67495 -8.3 -10.7 67.7
SE_STA_VVIS2513 2018-02-27T14:40:00+01:00 68.04398 21.75496 -11.8 -15.2 87.5
SE_STA_VVIS2516 2018-02-27T14:40:02+01:00 66.48603 16.41734 -8.9 -8.2 64.3
SE_STA_VVIS2517 2018-02-27T14:40:00+01:00 68.43408 18.57555 -16.3 -18.8 73.5
SE_STA_VVIS2518 2018-02-27T14:40:00+01:00 68.42938 18.26931 -15.3 -20.4 67.3
SE_STA_VVIS2519 2018-02-27T14:40:02+01:00 68.43254 18.11709 -14.3 -17.0 75.4
SE_STA_VVIS2520 2018-02-27T14:40:02+01:00 68.1481 19.78231 -10.3 -14.0 60.4
SE_STA_VVIS2521 2018-02-27T14:40:00+01:00 66.76492 21.87523 -9.6 -13.9 82.5
SE_STA_VVIS2522 2018-02-27T14:40:00+01:00 65.58441 18.44392 -12.1 -12.0 76.7
SE_STA_VVIS2523 2018-02-27T14:40:01+01:00 66.75331 23.87048 -9.0 -12.0 68.0
SE_STA_VVIS2526 2018-02-27T14:40:01+01:00 67.77318 23.24297 -8.6 -10.6 78.0
SE_STA_VVIS2527 2018-02-27T14:40:02+01:00 67.61087 21.10917 -7.8 -12.1 69.4
SE_STA_VVIS2528 2018-02-27T14:40:00+01:00 66.96022 19.82125 -9.1 -14.2 66.8
SE_STA_VVIS2529 2018-02-27T14:40:00+01:00 66.36427 20.72634 -11.2 -14.3 81.4
SE_STA_VVIS2530 2018-02-27T14:40:02+01:00 65.32639 20.73857 -13.8 -13.8 77.6
SE_STA_VVIS2532 2018-02-27T14:40:00+01:00 67.15795 22.63195 -8.0 -12.5 73.0
SE_STA_VVIS2533 2018-02-27T14:40:00+01:00 67.85998 19.02803 -11.9 -16.4 56.2
SE_STA_VVIS2534 2018-02-27T14:40:02+01:00 67.47403 18.36723 -10.0 -15.1 62.9
SE_STA_VVIS2535 2018-02-27T14:40:00+01:00 66.95161 17.72123 -10.9 -9.9 78.2
SE_STA_VVIS2536 2018-02-27T14:40:00+01:00 65.70868 19.31272 -10.9 -10.7 73.2
SE_STA_VVIS2539 2018-02-27T14:40:00+01:00 65.63515 21.35528 -12.1 -14.1 76.9
SE_STA_VVIS2540 2018-02-27T14:40:00+01:00 66.68871 22.89961 -10.5 -14.2 85.1
SE_STA_VVIS2541 2018-02-27T14:40:00+01:00 67.45391 22.05169 -7.7 -12.1 70.5
SE_STA_VVIS2542 2018-02-27T14:40:00+01:00 66.16881 22.80793 -11.4 -11.1 74.5
SE_STA_VVIS2543 2018-02-27T14:40:02+01:00 66.15218 19.98396 -8.2 -12.2 66.1
SE_STA_VVIS2544 2018-02-27T14:40:02+01:00 65.67298 19.95884 -11.2 -12.5 78.3
SE_STA_VVIS2545 2018-02-27T14:40:01+01:00 66.76044 21.02278 -7.9 -15.1 69.9
SE_STA_VVIS2546 2018-02-27T14:40:02+01:00 68.43007 22.51954 -9.6 -17.1 78.3
SE_STA_VVIS2547 2018-02-27T14:40:00+01:00 65.93127 21.2914 -9.9 -13.7 72.6
SE_STA_VVIS2548 2018-02-27T14:40:01+01:00 66.32417 17.09442 -9.4 -12.9 63.9
SE_STA_VVIS2549 2018-02-27T14:40:00+01:00 66.75991 15.88363 -10.9 -10.4 67.7
SE_STA_VVIS2550 2018-02-27T14:40:01+01:00 67.27601 21.04924 -9.5 -11.5 80.3
SE_STA_VVIS2551 2018-02-27T14:40:00+01:00 66.73122 16.01178 -13.1 -13.4 75.0
SE_STA_VVIS2552 2018-02-27T14:40:00+01:00 65.78567 20.67146 -9.5 -13.3 73.3
SE_STA_VVIS2553 2018-02-27T14:40:00+01:00 66.01561 21.98329 -10.6 -15.7 73.9
SE_STA_VVIS2554 2018-02-27T14:40:02+01:00 65.89407 18.36825 -10.3 -10.6 73.6
SE_STA_VVIS2555 2018-02-27T14:40:00+01:00 67.44135 23.48265 -9.5 -12.8 85.9
SE_STA_VVIS2556 2018-02-27T14:40:00+01:00 67.05199 21.19375 -6.5 -10.4 64.8
SE_STA_VVIS2557 2018-02-27T14:40:00+01:00 66.48485 22.4833 -10.4 -14.7 78.0
SE_STA_VVIS2558 2018-02-27T14:40:00+01:00 66.39644 23.62471 -9.0 -11.5 58.2
SE_STA_VVIS2559 2018-02-27T14:40:00+01:00 66.02762 23.50601 -9.7 -12.0 60.6
SE_STA_VVIS2565 2018-02-27T14:40:02+01:00 65.78001 23.84189 -12.5 -14.5 58.3
SE_STA_VVIS2566 2018-02-27T14:40:02+01:00 68.12006 23.31147 -10.6 -15.8 81.7
SE_STA_VVIS2567 2018-02-27T14:40:02+01:00 67.01026 21.87592 -7.5 -12.3 80.5
SE_STA_VVIS2568 2018-02-27T14:40:01+01:00 66.76413 22.68298 -8.7 -11.4 70.8
SE_STA_VVIS2569 2018-02-27T14:40:01+01:00 67.42384 22.40359 -6.7 -14.5 71.2
SE_STA_VVIS206100 2018-02-27T14:40:00+01:00 59.19914 17.66321 -11.1 -10.4 63.0
SE_STA_VVIS215100 2018-02-27T14:40:00+01:00 59.23975 18.12069 -11.0 -7.5 85.1
SE_STA_VVIS216100 2018-02-27T14:40:02+01:00 59.25783 18.16699 -10.9 -8.7 87.4
SE_STA_VVIS218100 2018-02-27T14:40:02+01:00 59.32913 18.31434 -11.0 -7.6 82.5
SE_STA_VVIS222100 2018-02-27T14:40:00+01:00 59.38418 18.04218 -10.6 -8.1 68.8
SE_STA_VVIS231100 2018-02-27T14:40:00+01:00 59.62775 17.74556 -12.5 -9.4 62.9
SE_STA_VVIS233100 2018-02-27T14:40:02+01:00 59.48378 17.76466 -11.1 -11.1 63.2
SE_STA_VVIS241100 2018-02-27T14:40:00+01:00 59.27791 17.75951 -10.0 -5.4 61.0
SE_STA_VVIS251100 2018-02-27T14:40:02+01:00 59.35728 18.10452 -11.2 -8.0 73.3
SE_STA_VVIS310100 2018-02-27T14:40:01+01:00 60.60231 17.45246 -10.9 -10.0 71.1
SE_STA_VVIS311100 2018-02-27T14:40:00+01:00 60.48601 17.73932 -11.4 -7.1 81.0
SE_STA_VVIS313100 2018-02-27T14:40:00+01:00 59.81604 17.75481 -12.2 -5.6 63.7
SE_STA_VVIS317100 2018-02-27T14:40:02+01:00 59.6231 17.38197 -12.0 -9.8 62.7
SE_STA_VVIS323100 2018-02-27T14:40:02+01:00 59.58535 16.9967 -11.4 -10.3 51.3
SE_STA_VVIS326100 2018-02-27T14:40:00+01:00 59.94886 17.65585 -11.7 -6.8 61.4
SE_STA_VVIS329100 2018-02-27T14:40:01+01:00 60.3244 17.5113 -11.2 -6.3 74.1
SE_STA_VVIS330100 2018-02-27T14:40:00+01:00 59.63478 16.85857 -11.5 -6.8 51.3
SE_STA_VVIS404100 2018-02-27T14:40:01+01:00 59.00612 17.54095 -10.0 -8.0 66.8
SE_STA_VVIS405100 2018-02-27T14:40:01+01:00 58.90813 17.32995 -10.9 -7.9 75.6
SE_STA_VVIS410100 2018-02-27T14:40:02+01:00 59.08183 16.83477 -10.4 -7.4 50.9
SE_STA_VVIS412100 2018-02-27T14:40:00+01:00 58.90832 16.53657 -10.9 -9.1 57.7
SE_STA_VVIS417100 2018-02-27T14:40:00+01:00 59.24124 16.60298 -11.8 -9.8 54.8
SE_STA_VVIS428100 2018-02-27T14:40:00+01:00 59.24436 16.1034 -10.8 -8.9 58.4
SE_STA_VVIS429100 2018-02-27T14:40:00+01:00 59.37861 16.78689 -11.7 -11.4 55.2
SE_STA_VVIS499100 2018-02-27T14:40:02+01:00 59.39187 16.67408 -11.7 -3.8 47.1
SE_STA_VVIS527100 2018-02-27T14:40:02+01:00 58.43381 15.61916 -10.3 -5.5 76.9
SE_STA_VVIS528100 2018-02-27T14:40:00+01:00 58.53153 16.03036 -10.6 -6.0 79.8
SE_STA_VVIS601100 2018-02-27T14:40:00+01:00 57.99487 14.44187 -10.1 -5.2 67.9
SE_STA_VVIS616100 2018-02-27T14:40:00+01:00 57.67226 13.84107 -9.5 -4.0 62.6
SE_STA_VVIS639100 2018-02-27T14:40:01+01:00 57.46359 14.75419 -10.3 -6.7 86.1
SE_STA_VVIS651100 2018-02-27T14:40:01+01:00 57.75807 14.10665 -8.7 1.5 67.5
SE_STA_VVIS653100 2018-02-27T14:40:01+01:00 57.75071 14.11584 -9.0 -1.2 63.8
SE_STA_VVIS703100 2018-02-27T14:40:01+01:00 56.94049 13.99592 -8.5 -4.2 78.8
SE_STA_VVIS722100 2018-02-27T14:40:26+01:00 56.50588 13.65292 -7.3 -3.5 54.0
SE_STA_VVIS819100 2018-02-27T14:40:00+01:00 57.29442 15.56741 -9.9 -7.3 74.1
SE_STA_VVIS825100 2018-02-27T14:40:00+01:00 57.40993 15.81077 -9.8 -6.1 87.9
SE_STA_VVIS903100 2018-02-27T14:40:00+01:00 57.54362 18.42533 -10.0 -6.8 84.7
SE_STA_VVIS907100 2018-02-27T14:40:00+01:00 57.63391 18.53907 -10.0 -6.5 87.8
SE_STA_VVIS908100 2018-02-27T14:40:00+01:00 57.40221 18.18411 -9.1 -6.1 77.6
SE_STA_VVIS910100 2018-02-27T14:40:00+01:00 57.6232 18.27456 -10.2 -7.4 88.2
SE_STA_VVIS1005100 2018-02-27T14:40:02+01:00 56.22174 15.21276 -7.1 -4.6 61.1
SE_STA_VVIS1018100 2018-02-27T14:40:02+01:00 56.0649 14.55166 -6.2 -3.4 49.5
SE_STA_VVIS1019100 2018-02-27T14:40:01+01:00 56.188 14.90454 -6.7 -3.7 50.7
SE_STA_VVIS1024100 2018-02-27T14:40:00+01:00 56.13773 15.74349 -7.0 -6.1 65.1
SE_STA_VVIS1106100 2018-02-27T14:40:00+01:00 56.18139 13.02332 -4.8 0.3 50.8
SE_STA_VVIS1116100 2018-02-27T14:40:02+01:00 56.12341 14.09294 -6.0 -1.3 52.8
SE_STA_VVIS1206100 2018-02-27T14:40:02+01:00 55.47411 13.66833 -6.7 -2.4 98.7
SE_STA_VVIS1211100 2018-02-27T14:40:00+01:00 55.74928 13.01539 -4.3 0.3 50.8
SE_STA_VVIS1212100 2018-02-27T14:40:00+01:00 55.79125 13.1312 -4.6 -0.6 49.5
SE_STA_VVIS1213100 2018-02-27T14:40:02+01:00 55.76804 13.30548 -5.2 -0.1 55.0
SE_STA_VVIS1222100 2018-02-27T14:40:01+01:00 56.08728 12.7828 -5.6 -2.1 50.6
SE_STA_VVIS1302100 2018-02-27T14:40:02+01:00 57.55027 11.96764 -8.1 -0.8 61.2
SE_STA_VVIS1306100 2018-02-27T14:40:01+01:00 57.24238 12.32139 -7.0 -0.1 58.1
SE_STA_VVIS1329100 2018-02-27T14:40:00+01:00 56.90903 12.56813 -6.1 -1.7 52.6
SE_STA_VVIS1335100 2018-02-27T14:40:01+01:00 56.86254 12.6628 -4.9 1.1 50.9
SE_STA_VVIS1336100 2018-02-27T14:40:29+01:00 56.7789 12.80505 -6.4 -0.5 47.2
SE_STA_VVIS1337100 2018-02-27T14:40:02+01:00 56.58995 12.98461 -5.7 -5.0 53.3
SE_STA_VVIS1425100 2018-02-27T14:30:02+01:00 58.11465 11.87918 -7.9 -4.5 51.0
SE_STA_VVIS1428100 2018-02-27T14:40:00+01:00 58.80433 11.59824 -9.5 -3.5 54.5
SE_STA_VVIS1431100 2018-02-27T14:30:00+01:00 58.32776 11.83942 -8.4 -3.6 57.9
SE_STA_VVIS1435100 2018-02-27T14:40:00+01:00 57.78127 11.86135 -8.1 -0.1 55.5
SE_STA_VVIS1436100 2018-02-27T14:30:02+01:00 59.02021 11.23924 -7.2 -3.7 51.3
SE_STA_VVIS1437100 2018-02-27T14:40:00+01:00 58.56469 11.47654 -8.7 -4.0 60.8
SE_STA_VVIS1502100 2018-02-27T14:40:01+01:00 57.60843 13.14093 -9.0 -6.2 63.9
SE_STA_VVIS1506100 2018-02-27T14:40:00+01:00 57.66438 12.54188 -9.2 -3.4 64.2
SE_STA_VVIS1518100 2018-02-27T14:40:00+01:00 58.0281 12.78505 -9.0 -3.1 65.8
SE_STA_VVIS1523100 2018-02-27T14:40:02+01:00 58.19969 12.15406 -8.2 -5.9 51.1
SE_STA_VVIS1530100 2018-02-27T14:40:02+01:00 58.60033 12.41303 -8.5 -5.2 61.6
SE_STA_VVIS1531100 2018-02-27T14:40:00+01:00 58.78001 12.50679 -8.1 -7.6 56.7
SE_STA_VVIS1534100 2018-02-27T14:40:01+01:00 58.50896 11.99049 -9.1 -5.8 68.0
SE_STA_VVIS1548100 2018-02-27T14:40:00+01:00 58.58064 12.0197 -9.0 -6.5 61.7
SE_STA_VVIS1552100 2018-02-27T14:40:00+01:00 59.19607 12.10688 -9.3 -7.8 53.1
SE_STA_VVIS1601100 2018-02-27T14:40:00+01:00 58.12674 12.85454 -9.6 -4.3 65.5
SE_STA_VVIS1602100 2018-02-27T14:40:01+01:00 58.29576 13.0677 -9.9 -3.0 59.7
SE_STA_VVIS1604100 2018-02-27T14:40:00+01:00 58.31916 12.79073 -9.2 -6.6 56.6
SE_STA_VVIS1609100 2018-02-27T14:40:02+01:00 58.80494 14.09895 -9.6 -4.4 51.0
SE_STA_VVIS1612100 2018-02-27T14:40:03+01:00 58.46761 14.304 -9.3 -4.6 58.2
SE_STA_VVIS1620100 2018-02-27T14:40:01+01:00 58.16363 13.4534 -11.0 -6.2 71.9
SE_STA_VVIS1623100 2018-02-27T14:40:00+01:00 58.34578 14.12331 -10.1 -8.1 78.9
SE_STA_VVIS1630100 2018-02-27T14:40:18+01:00 58.98876 14.09601 -10.0 -9.2 47.5
SE_STA_VVIS1704100 2018-02-27T14:40:00+01:00 59.28573 12.46385 -10.0 -6.9 50.2
SE_STA_VVIS1705100 2018-02-27T14:40:02+01:00 59.50699 11.79238 -9.3 -7.1 49.7
SE_STA_VVIS1707100 2018-02-27T14:40:00+01:00 59.61057 13.80746 -10.7 -8.9 52.6
SE_STA_VVIS1709100 2018-02-27T14:40:00+01:00 59.66631 12.90229 -9.6 -6.8 51.7
SE_STA_VVIS1710100 2018-02-27T14:40:02+01:00 59.90512 13.56296 -9.6 -8.4 54.1
SE_STA_VVIS1713100 2018-02-27T14:40:01+01:00 59.68497 14.07109 -11.8 -10.4 61.9
SE_STA_VVIS1727100 2018-02-27T14:40:00+01:00 59.99267 13.0966 -10.0 -5.7 76.1
SE_STA_VVIS1732100 2018-02-27T14:40:01+01:00 60.28843 13.39536 -10.3 -10.0 58.1
SE_STA_VVIS1733100 2018-02-27T14:40:00+01:00 59.38782 12.17196 -9.3 -8.4 51.8
SE_STA_VVIS1738100 2018-02-27T14:40:01+01:00 59.72599 13.13351 -10.1 -8.2 54.0
SE_STA_VVIS1739100 2018-02-27T14:40:02+01:00 59.70969 12.55235 -8.7 -8.8 47.2
SE_STA_VVIS1740100 2018-02-27T14:40:01+01:00 60.24761 13.01152 -9.5 -8.6 53.3
SE_STA_VVIS1802100 2018-02-27T14:40:02+01:00 58.83919 14.92666 -10.8 -4.5 50.0
SE_STA_VVIS1804100 2018-02-27T14:40:01+01:00 59.4609 15.48451 -10.6 -11.7 50.2
SE_STA_VVIS1809100 2018-02-27T14:40:02+01:00 59.24344 15.00863 -10.6 -9.0 54.1
SE_STA_VVIS1906101 2018-02-27T14:40:00+01:00 59.61865 16.51541 -11.5 -10.0 54.0
SE_STA_VVIS1912100 2018-02-27T14:40:01+01:00 59.91842 15.95172 -11.4 -5.7 68.5
SE_STA_VVIS1916100 2018-02-27T14:40:00+01:00 60.02005 16.36452 -11.8 -8.0 78.6
SE_STA_VVIS1921100 2018-02-27T14:40:00+01:00 59.38139 15.65741 -10.0 -5.5 48.8
SE_STA_VVIS1923100 2018-02-27T14:40:00+01:00 59.62016 16.66183 -10.9 -5.1 51.6
SE_STA_VVIS2002100 2018-02-27T14:40:20+01:00 60.23616 16.03116 -11.5 -8.7 73.6
SE_STA_VVIS2102100 2018-02-27T14:40:00+01:00 60.6259 16.90414 -11.2 -7.7 84.7
SE_STA_VVIS2135100 2018-02-27T14:40:02+01:00 60.57876 16.53743 -11.2 -6.8 82.3
SE_STA_VVIS2214100 2018-02-27T14:40:02+01:00 62.55288 17.12206 -12.6 -8.9 65.7
SE_STA_VVIS2216100 2018-02-27T14:40:02+01:00 62.4709 17.31354 -12.1 -11.2 62.8
SE_STA_VVIS2218100 2018-02-27T14:40:00+01:00 63.29516 18.67223 -12.9 -12.9 55.1
SE_STA_VVIS2221100 2018-02-27T14:40:00+01:00 62.51641 17.4529 -12.3 -10.0 60.6
SE_STA_VVIS2236101 2018-02-27T14:40:47+01:00 62.79419 17.93234 -15.3 -37.6 63.1
SE_STA_VVIS2405100 2018-02-27T14:40:00+01:00 64.75713 18.16898 -12.1 -12.9 66.4
